MeshAnim
1
140
28
30
-0.04280436 -0.06586142 0.9969102 0
-0.05066699 -0.9963977 -0.06800304 0
0.9977978 -0.05342127 0.03931326 0
1.02889 1.656511 5.648865 1

0.285463 0.9339814 0.2149182 0
0.5359704 0.03032709 -0.8436918 0
-0.7945103 0.3560326 -0.4919291 0
0.6224172 1.425141 5.38233 1

-0.1444716 0.9751348 0.168048 0
-0.8751232 -0.2051789 0.4382474 0
0.4618302 -0.0837484 0.8830057 0
1.428032 1.382009 5.414072 1

-0.4538524 0.8902087 0.03932596 0
-0.8900483 -0.4507668 -0.06799553 0
-0.04280332 -0.06586201 0.9969102 0
1.61852 1.610899 5.671169 1

0.05037379 0.9959252 0.0748035 0
0.9977977 -0.05342145 0.03931584 0
0.04315163 0.07265833 -0.9964229 0
0.9952947 1.357523 6.095263 1

0.4668795 0.8808478 0.07829969 0
-0.883284 0.4687872 -0.006933164 0
-0.04281303 -0.065924 0.9969058 0
0.4378369 1.674112 5.62465 1

0.7965575 -0.04264704 0.03138443 0
0.03934154 0.7736753 0.05280208 0
-0.03417146 -0.05257777 0.7958488 0
0.9959067 1.007865 5.604596 1

-0.4095567 0.03227048 -0.1676889 0
0.03934158 0.7736753 0.05280176 0
0.1692792 0.01935441 -0.4097162 0
0.9977888 1.044877 5.607122 1

-0.02294236 0.01297245 -0.1729872 0
0.04234504 0.8327399 0.05683186 0
0.1732461 -0.007204649 -0.02351696 0
0.9977888 1.044877 5.607122 1

-0.0424182 0.9970449 0.06404956 0
-0.9981827 -0.03954558 -0.04547064 0
-0.04280332 -0.06586201 0.9969102 0
1.857 1.143132 5.650505 1

0.1379212 0.9878772 0.07125001 0
-0.9895174 0.140545 -0.03320162 0
-0.04281303 -0.065924 0.9969058 0
0.1925114 1.211263 5.583507 1

0.0341716 0.05257776 -0.7958488 0
0.03934154 0.7736753 0.05280208 0
0.7965575 -0.04264705 0.03138458 0
0.991754 0.9262004 5.599022 1

0.01827365 0.02811656 -0.4255893 0
0.03934154 0.7736753 0.05280208 0
0.4259683 -0.022806 0.01678326 0
0.9764068 0.6243889 5.578424 1

0.01532959 0.02358671 -0.3570227 0
0.03934154 0.7736753 0.05280208 0
0.3573406 -0.01913173 0.01407931 0
0.9735647 0.5684979 5.57461 1

0.0341716 0.05257776 -0.7958488 0
0.03934154 0.7736753 0.05280208 0
0.7965575 -0.04264705 0.03138458 0
0.991754 0.9262004 5.599022 1

0.0357226 0.05496418 -0.8319712 0
0.03934154 0.7736753 0.05280208 0
0.8327121 -0.04458273 0.03280907 0
0.991754 0.9262004 5.599022 1

-0.1692792 -0.01935441 0.4097162 0
0.03934158 0.7736753 0.05280176 0
-0.4095567 0.03227049 -0.167689 0
0.9936361 0.9632127 5.601549 1

-0.0759397 -0.008682506 0.1838012 0
0.03934158 0.7736753 0.05280176 0
-0.1837296 0.01447674 -0.0752263 0
0.9754469 0.6055102 5.577136 1

-0.090524 -0.01034999 0.2191004 0
0.03934158 0.7736753 0.05280176 0
-0.2190151 0.01725701 -0.08967359 0
0.9782889 0.6614013 5.580951 1

-0.1692792 -0.01935441 0.4097162 0
0.03934158 0.7736753 0.05280176 0
-0.4095567 0.03227049 -0.167689 0
0.9936361 0.9632127 5.601549 1

-0.1769626 -0.02023287 0.4283126 0
0.03934158 0.7736753 0.05280176 0
-0.4281458 0.03373519 -0.1753001 0
0.9936361 0.9632127 5.601549 1

-0.1732461 0.007204651 0.02351693 0
0.04234504 0.8327399 0.05683186 0
-0.02294233 0.01297245 -0.1729872 0
0.9933191 0.9569782 5.601123 1

-0.09264531 0.003852769 0.01257595 0
0.04234504 0.8327399 0.05683186 0
-0.01226867 0.006937167 -0.09250686 0
0.9768003 0.6321256 5.578953 1

-0.07771924 0.00323205 0.01054984 0
0.04234504 0.8327399 0.05683186 0
-0.01029207 0.005819521 -0.0776031 0
0.9737412 0.5719677 5.574847 1

-0.1732461 0.007204651 0.02351693 0
0.04234504 0.8327399 0.05683186 0
-0.02294233 0.01297245 -0.1729872 0
0.9933191 0.9569782 5.601123 1

-0.1811094 0.00753166 0.02458433 0
0.04234504 0.8327399 0.05683186 0
-0.02398364 0.01356125 -0.1808388 0
0.9933191 0.9569782 5.601123 1

-0.0424182 0.9970449 0.06404956 0
-0.9981827 -0.03954556 -0.0454709 0
-0.04280358 -0.06586202 0.9969102 0
1.955345 0.5992386 5.618795 1

0.1379213 0.9878773 0.07124953 0
-0.9895174 0.140545 -0.0332021 0
-0.04281344 -0.06592346 0.9969059 0
0.0424369 0.6799952 5.54193 1

-0.0434109 -0.0671657 0.996797 0
-0.05142364 -0.9962648 -0.06936936 0
0.9977331 -0.05427032 0.03979486 0
1.031961 1.662535 5.64901 1

0.288591 0.9323494 0.2178073 0
0.536299 0.03103995 -0.8434572 0
-0.7931574 0.360224 -0.4910601 0
0.6254511 1.431847 5.381939 1

-0.1466213 0.9743619 0.1706496 0
-0.8751313 -0.2081917 0.4368083 0
0.4611372 -0.08529548 0.8832198 0
1.431013 1.38803 5.414069 1

-0.4424009 0.8956461 0.0458227 0
-0.8956723 -0.4386776 -0.07302923 0
-0.04530691 -0.07335029 0.9962766 0
1.621541 1.616423 5.671579 1

0.05115249 0.9958277 0.07557142 0
0.9977331 -0.05427038 0.03979746 0
0.04373259 0.07336447 -0.996346 0
0.9978784 1.362975 6.094987 1

0.4638574 0.8823003 0.07989146 0
-0.884845 0.4658326 -0.007040145 0
-0.04342755 -0.06742597 0.9967788 0
0.4409348 1.68064 5.624491 1

0.7965059 -0.04332484 0.03176891 0
0.03992905 0.7735721 0.05386299 0
-0.03465566 -0.053619 0.7957585 0
0.9984843 1.013975 5.603851 1

-0.4094376 0.03282246 -0.1678725 0
0.03992909 0.7735721 0.05386267 0
0.1695222 0.01976941 -0.4095959 0
1.000394 1.050983 5.606428 1

-0.02283587 0.01322301 -0.1729823 0
0.04297741 0.8326288 0.05797376 0
0.1732533 -0.007311328 -0.02343053 0
1.000394 1.050983 5.606428 1

-0.001427485 0.9973045 0.07336107 0
-0.9989722 0.001901588 -0.04528952 0
-0.04530691 -0.07335029 0.9962766 0
1.854004 1.145798 5.647501 1

0.1304515 0.9887953 0.07256939 0
-0.9905033 0.1331828 -0.03414515 0
-0.04342755 -0.06742597 0.9967788 0
0.1971973 1.217028 5.582511 1

0.03166942 0.04899849 -0.7271858 0
0.03992905 0.7735721 0.05386299 0
0.7278687 -0.03959143 0.02903142 0
0.9913845 0.8764269 5.594274 1

0.01554681 0.02405381 -0.3569821 0
0.03992905 0.7735721 0.05386299 0
0.3573174 -0.0194358 0.01425179 0
0.9758087 0.5746671 5.573263 1

0.03465581 0.05361899 -0.7957585 0
0.03992905 0.7735721 0.05386299 0
0.7965059 -0.04332485 0.03176905 0
0.9942696 0.9323218 5.598166 1

0.0251013 0.0388364 -0.5763702 0
0.03992905 0.7735721 0.05386299 0
0.5769116 -0.03138032 0.02301042 0
0.9850392 0.7534944 5.585714 1

0.03622878 0.05605268 -0.8318768 0
0.03992905 0.7735721 0.05386299 0
0.8326581 -0.0452913 0.033211 0
0.993716 0.9215966 5.597419 1

-0.1227855 -0.01431904 0.2966715 0
0.03992909 0.7735721 0.05386267 0
-0.2965569 0.02377341 -0.1215906 0
0.9869494 0.7905018 5.588291 1

-0.1695223 -0.0197694 0.4095959 0
0.03992909 0.7735721 0.05386267 0
-0.4094376 0.03282246 -0.1678726 0
0.9961798 0.9693292 5.600743 1

-0.07604874 -0.008868676 0.1837473 0
0.03992909 0.7735721 0.05386267 0
-0.1836762 0.01472436 -0.07530868 0
0.9777189 0.6116744 5.57584 1

-0.1549141 -0.01806582 0.3742999 0
0.03992909 0.7735721 0.05386267 0
-0.3741552 0.02999406 -0.1534066 0
0.9932947 0.9134343 5.596851 1

-0.1772166 -0.02066671 0.4281868 0
0.03992909 0.7735721 0.05386267 0
-0.4280213 0.03431222 -0.1754921 0
0.9956262 0.958604 5.599996 1

-0.1583236 0.006681293 0.02141143 0
0.04297741 0.8326288 0.05797376 0
-0.02086801 0.01208355 -0.1580759 0
0.9927527 0.9029335 5.59612 1

-0.07772251 0.003279908 0.01051107 0
0.04297741 0.8326288 0.05797376 0
-0.0102443 0.005931924 -0.07760092 0
0.9759878 0.5781364 5.573505 1

-0.1732533 0.00731133 0.0234305 0
0.04297741 0.8326288 0.05797376 0
-0.02283584 0.01322301 -0.1729823 0
0.9958581 0.9630955 5.600309 1

-0.1254879 0.005295619 0.01697078 0
0.04297741 0.8326288 0.05797376 0
-0.01654007 0.009577466 -0.1252916 0
0.9859229 0.7706159 5.586907 1

-0.181117 0.007643182 0.02449397 0
0.04297741 0.8326288 0.05797376 0
-0.02387232 0.01382318 -0.1808337 0
0.9952622 0.9515516 5.599505 1

-0.001427485 0.9973045 0.07336107 0
-0.9989722 0.001901606 -0.04528979 0
-0.04530717 -0.07335029 0.9962766 0
1.929925 0.5986453 5.610671 1

0.1304515 0.9887954 0.07256892 0
-0.9905032 0.1331828 -0.03414563 0
-0.04342796 -0.06742544 0.9967788 0
0.05114573 0.6847029 5.54014 1

-0.04282105 -0.06677198 0.996849 0
-0.05093758 -0.9963207 -0.06892469 0
0.9977835 -0.0537285 0.03926218 0
1.034794 1.664351 5.649437 1

0.288534 0.9324525 0.2174415 0
0.5357928 0.03097094 -0.8437815 0
-0.7935205 0.3599633 -0.490665 0
0.6282574 1.433338 5.382689 1

-0.1489664 0.9738994 0.1712582 0
-0.874501 -0.2105939 0.4369193 0
0.4615812 -0.08467928 0.8830472 0
1.433861 1.389959 5.414389 1

-0.4372129 0.8975899 0.05636886 0
-0.8980308 -0.4323051 -0.08156834 0
-0.04884649 -0.08628377 0.9950725 0
1.624411 1.61856 5.671698 1

0.05072343 0.9959755 0.07389536 0
0.9977835 -0.05372868 0.03926476 0
0.04307707 0.07174004 -0.9964929 0
1.001117 1.36496 6.095559 1

0.4659075 0.8812411 0.07965475 0
-0.8837957 0.4678308 -0.006333492 0
-0.04284653 -0.06744777 0.9968025 0
0.443745 1.682136 5.625239 1

0.7965461 -0.0428923 0.03134365 0
0.03955164 0.7736155 0.05351771 0
-0.03418478 -0.05330469 0.7958 0
1.001634 1.015756 5.604568 1

-0.4095482 0.03253678 -0.1676583 0
0.03955168 0.7736155 0.05351739 0
0.1692839 0.01968747 -0.4096985 0
1.003526 1.052765 5.607128 1

-0.02293905 0.0131387 -0.1729751 0
0.04257119 0.8326755 0.05760213 0
0.1732441 -0.007229922 -0.02352391 0
1.003526 1.052765 5.607128 1

0.02111852 0.9959499 0.08739643 0
-0.9985832 0.02528349 -0.04682634 0
-0.04884649 -0.08628377 0.9950725 0
1.854148 1.146913 5.642078 1

0.1315143 0.9886562 0.07254943 0
-0.9903881 0.1342023 -0.03348987 0
-0.04284653 -0.06744777 0.9968025 0
0.1989303 1.21908 5.583385 1

0.02476024 0.03860874 -0.5764003 0
0.03955164 0.7736155 0.05351771 0
0.5769408 -0.03106703 0.02270241 0
0.9883159 0.7552602 5.586547 1

0.03418492 0.05330467 -0.7957999 0
0.03955164 0.7736155 0.05351771 0
0.796546 -0.0428923 0.03134379 0
0.9974591 0.9340976 5.598919 1

0.03123911 0.04871126 -0.7272236 0
0.03955164 0.7736155 0.05351771 0
0.7279055 -0.03919616 0.02864281 0
0.9946013 0.8781996 5.595052 1

0.01533556 0.0239128 -0.3570007 0
0.03955164 0.7736155 0.05351771 0
0.3573354 -0.01924175 0.01406102 0
0.9791727 0.5764228 5.574176 1

0.03573652 0.0557241 -0.8319201 0
0.03955164 0.7736155 0.05351771 0
0.8327001 -0.04483913 0.03276644 0
0.9963624 0.912646 5.597435 1

-0.07594182 -0.008831915 0.1837932 0
0.03955168 0.7736155 0.05351739 0
-0.1837258 0.0145962 -0.07521256 0
0.9810649 0.6134322 5.576736 1

-0.1546963 -0.01799094 0.3743936 0
0.03955168 0.7736155 0.05351739 0
-0.3742562 0.029733 -0.1532108 0
0.9964935 0.915209 5.597612 1

-0.169284 -0.01968746 0.4096984 0
0.03955168 0.7736155 0.05351739 0
-0.4095481 0.03253678 -0.1676584 0
0.9993513 0.9711071 5.60148 1

-0.1226129 -0.01425969 0.2967458 0
0.03955168 0.7736155 0.05351739 0
-0.2966369 0.02356649 -0.1214355 0
0.9902081 0.7922696 5.589108 1

-0.1769675 -0.02058105 0.428294 0
0.03955168 0.7736155 0.05351739 0
-0.4281369 0.03401358 -0.1752681 0
0.9982545 0.9496554 5.599995 1

-0.1254812 0.005236657 0.01703841 0
0.04257119 0.8326755 0.05760213 0
-0.01661479 0.009516399 -0.1252864 0
0.9891914 0.7723826 5.587732 1

-0.1732441 0.007229925 0.02352387 0
0.04257119 0.8326755 0.05760213 0
-0.02293901 0.0131387 -0.172975 0
0.9990326 0.964873 5.601048 1

-0.1583152 0.006606902 0.02149676 0
0.04257119 0.8326755 0.05760213 0
-0.0209623 0.0120065 -0.1580693 0
0.9959565 0.9047076 5.596886 1

-0.07771835 0.003243388 0.01055295 0
0.04257119 0.8326755 0.05760213 0
-0.01029058 0.0058941 -0.07759766 0
0.9793501 0.5798923 5.574416 1

-0.1811074 0.00755808 0.02459159 0
0.04257119 0.8326755 0.05760213 0
-0.02398018 0.01373505 -0.1808261 0
0.9978521 0.9417837 5.599451 1

0.02111852 0.9959499 0.08739643 0
-0.9985832 0.0252835 -0.04682661 0
-0.04884676 -0.08628377 0.9950725 0
1.917674 0.5987446 5.597665 1

0.1315143 0.9886563 0.07254896 0
-0.9903881 0.1342024 -0.03349035 0
-0.04284694 -0.06744723 0.9968025 0
0.05230439 0.6869078 5.541073 1

-0.04188228 -0.06616421 0.9969293 0
-0.05017171 -0.9964067 -0.0682373 0
0.997862 -0.05287559 0.03841227 0
1.037519 1.667934 5.650139 1

0.2870131 0.9332488 0.2160322 0
0.5350806 0.03086767 -0.8442368 0
-0.7945518 0.3579016 -0.4905041 0
0.6309378 1.436412 5.3839 1

-0.1507624 0.9736126 0.171316 0
-0.8737713 -0.212294 0.4375557 0
0.4623791 -0.08372413 0.8827207 0
1.436604 1.393721 5.414914 1

-0.4359372 0.8971433 0.07136357 0
-0.8983599 -0.4290318 -0.09424004 0
-0.05392963 -0.105193 0.9929885 0
1.627193 1.622646 5.671906 1

0.05004533 0.9962027 0.07124201 0
0.9978619 -0.05287582 0.03841491 0
0.04203594 0.06916724 -0.996719 0
1.004486 1.368803 6.096482 1

0.4682582 0.8800236 0.07932655 0
-0.882597 0.4701012 -0.005254407 0
-0.04191556 -0.06755307 0.9968349 0
0.4464341 1.685213 5.626453 1

0.7966088 -0.04221141 0.03066516 0
0.03895696 0.7736822 0.05298398 0
-0.03343534 -0.05281949 0.7958641 0
1.004857 1.019282 5.605717 1

-0.4097234 0.0320889 -0.1673161 0
0.038957 0.7736823 0.05298366 0
0.1689044 0.01956349 -0.4098609 0
1.006721 1.056295 5.608252 1

-0.02310321 0.01300805 -0.1729631 0
0.04193111 0.8327473 0.05702765 0
0.1732291 -0.007101412 -0.02367281 0
1.006721 1.056295 5.608252 1

0.0331002 0.9937007 0.107066 0
-0.997996 0.03864225 -0.05010794 0
-0.05392963 -0.105193 0.9929885 0
1.85626 1.151234 5.634408 1

0.1353483 0.9881306 0.07265429 0
-0.9899111 0.1379652 -0.03227482 0
-0.04191556 -0.06755307 0.9968349 0
0.2003841 1.222797 5.584771 1

0.01788059 0.02824674 -0.4256113 0
0.03895696 0.7736822 0.05298398 0
0.4260095 -0.02257377 0.01639915 0
0.9855486 0.6358143 5.579456 1

0.03055425 0.04826788 -0.7272822 0
0.03895696 0.7736822 0.05298398 0
0.7279627 -0.03857394 0.02802279 0
0.9979303 0.8817143 5.596296 1

0.02421742 0.03825731 -0.5764467 0
0.03895696 0.7736822 0.05298398 0
0.5769861 -0.03057385 0.02221097 0
0.9917395 0.7587643 5.587876 1

0.03343548 0.05281948 -0.795864 0
0.03895696 0.7736822 0.05298398 0
0.7966087 -0.04221141 0.0306653 0
1.000745 0.9376172 5.600124 1

0.03495307 0.05521688 -0.8319871 0
0.03895696 0.7736822 0.05298398 0
0.8327657 -0.04412733 0.03205715 0
1.000205 0.9268905 5.59939 1

-0.1689045 -0.01956348 0.4098608 0
0.038957 0.7736823 0.05298366 0
-0.4097233 0.0320889 -0.1673162 0
1.002609 0.9746298 5.602659 1

-0.122338 -0.01416989 0.2968634 0
0.038957 0.7736823 0.05298366 0
-0.2967638 0.02324209 -0.1211876 0
0.9936032 0.7957769 5.590411 1

-0.1543495 -0.01787764 0.374542 0
0.038957 0.7736823 0.05298366 0
-0.3744163 0.02932371 -0.1528981 0
0.999794 0.918727 5.598831 1

-0.09032653 -0.01046213 0.2191849 0
0.038957 0.7736823 0.05298366 0
-0.2191114 0.01716047 -0.08947715 0
0.9874123 0.6728269 5.581991 1

-0.1765708 -0.02045144 0.4284639 0
0.038957 0.7736823 0.05298366 0
-0.4283201 0.03354537 -0.1749104 0
1.002069 0.9639031 5.601924 1

-0.09263925 0.003797686 0.0126597 0
0.04193111 0.8327473 0.05702765 0
-0.01235509 0.006956428 -0.09249698 0
0.9859382 0.6435518 5.579987 1

-0.1583014 0.006489465 0.02163283 0
0.04193111 0.8327473 0.05702765 0
-0.02111231 0.01188711 -0.1580584 0
0.9992652 0.9082246 5.598112 1

-0.1254704 0.005143576 0.01714626 0
0.04193111 0.8327473 0.05702765 0
-0.0167337 0.009421769 -0.1252777 0
0.9926017 0.7758882 5.589049 1

-0.1732291 0.007101414 0.02367277 0
0.04193111 0.8327473 0.05702765 0
-0.02310317 0.01300805 -0.1729631 0
1.002295 0.9683952 5.602232 1

-0.1810917 0.007423738 0.02474725 0
0.04193111 0.8327473 0.05702765 0
-0.02415179 0.01359846 -0.1808136 0
1.001714 0.9568496 5.601441 1

0.0331002 0.9937007 0.107066 0
-0.997996 0.03864227 -0.05010821 0
-0.0539299 -0.105193 0.9929885 0
1.913169 0.6032941 5.579453 1

0.1353483 0.9881307 0.07265382 0
-0.9899111 0.1379653 -0.03227529 0
-0.04191597 -0.06755253 0.9968349 0
0.05169123 0.6911956 5.542493 1

-0.04061651 -0.06534952 0.9970354 0
-0.04914195 -0.9965206 -0.06731769 0
0.9979656 -0.05173048 0.03726375 0
1.040158 1.671299 5.651107 1

0.2849753 0.9343072 0.2141474 0
0.5341184 0.03073093 -0.844851 0
-0.7959313 0.3551417 -0.4902731 0
0.6335176 1.439094 5.385555 1

-0.1521142 0.9734779 0.170886 0
-0.8729402 -0.2134092 0.4386706 0
0.4635048 -0.08244523 0.8822506 0
1.439268 1.397327 5.415642 1

-0.4370531 0.8949047 0.09016819 0
-0.8974188 -0.427166 -0.1103122 0
-0.06020209 -0.1291309 0.9897985 0
1.629908 1.626686 5.672208 1

0.04913371 0.9965073 0.0675201 0
0.9979655 -0.05173064 0.03726634 0
0.04062905 0.06555175 -0.9970217 0
1.007993 1.372517 6.097748 1

0.4689948 0.8796692 0.07890633 0
-0.8822637 0.4707388 -0.004019534 0
-0.04068043 -0.0677312 0.996874 0
0.4490266 1.687898 5.628114 1

0.7966915 -0.04129725 0.02974828 0
0.03815738 0.7737707 0.05226992 0
-0.03242486 -0.05216911 0.7959488 0
1.008167 1.022573 5.607284 1

-0.4099587 0.03148778 -0.1668533 0
0.03815743 0.7737707 0.0522696 0
0.1683923 0.01939757 -0.4100795 0
1.009992 1.05959 5.609785 1

-0.02332448 0.01283286 -0.1729465 0
0.04107049 0.8328426 0.05625907 0
0.1732085 -0.006928836 -0.02387395 0
1.009992 1.05959 5.609785 1

0.04144257 0.9904186 0.1317325 0
-0.9973257 0.04895042 -0.05427376 0
-0.06020209 -0.1291309 0.9897985 0
1.859561 1.156451 5.624828 1

0.1393682 0.9875622 0.07278566 0
-0.9894049 0.1418936 -0.03073459 0
-0.04068043 -0.0677312 0.996874 0
0.2025895 1.225669 5.586652 1

0.01454605 0.02340337 -0.3570674 0
0.03815738 0.7737707 0.05226992 0
0.3574006 -0.0185262 0.01334532 0
0.9864975 0.5831518 5.5776 1

0.02348553 0.03778623 -0.576508 0
0.03815738 0.7737707 0.05226992 0
0.577046 -0.02991173 0.02154687 0
0.9953184 0.762025 5.589684 1

0.01734021 0.02789893 -0.4256565 0
0.03815738 0.7737707 0.05226992 0
0.4260537 -0.0220849 0.01590882 0
0.9892546 0.639061 5.581377 1

0.02963085 0.04767354 -0.7273597 0
0.03815738 0.7737707 0.05226992 0
0.7280383 -0.03773855 0.02718491 0
1.001382 0.8849891 5.59799 1

0.03389673 0.05453698 -0.8320757 0
0.03815738 0.7737707 0.05226992 0
0.8328521 -0.04317167 0.03109866 0
1.004139 0.9408984 5.601767 1

-0.1538816 -0.01772602 0.3747417 0
0.03815743 0.7737707 0.0522696 0
-0.3746313 0.02877439 -0.1524752 0
1.003208 0.922006 5.600491 1

-0.09005269 -0.01037341 0.2193018 0
0.03815743 0.7737707 0.0522696 0
-0.2192372 0.016839 -0.08922965 0
0.99108 0.6760778 5.583878 1

-0.1219671 -0.01404971 0.2970218 0
0.03815743 0.7737707 0.0522696 0
-0.2969342 0.02280669 -0.1208524 0
0.9971439 0.7990419 5.592184 1

-0.07554185 -0.008701865 0.1839641 0
0.03815743 0.7737707 0.0522696 0
-0.1839099 0.01412561 -0.07485143 0
0.988323 0.6201686 5.580101 1

-0.1760355 -0.02027799 0.4286923 0
0.03815743 0.7737707 0.0522696 0
-0.428566 0.03291697 -0.1744266 0
1.005965 0.9779152 5.604268 1

-0.07770237 0.003108319 0.01070998 0
0.04107049 0.8328426 0.05625907 0
-0.01046349 0.0057569 -0.07758483 0
0.9866686 0.586622 5.577836 1

-0.1254554 0.005018579 0.01729195 0
0.04107049 0.8328426 0.05625907 0
-0.01689396 0.009294881 -0.1252656 0
0.996163 0.7791508 5.590841 1

-0.09262822 0.003705395 0.01276727 0
0.04107049 0.8328426 0.05625907 0
-0.01247342 0.006862742 -0.0924881 0
0.9896362 0.6467993 5.581901 1

-0.1582826 0.00633176 0.02181664 0
0.04107049 0.8328426 0.05625907 0
-0.02131451 0.01172702 -0.1580432 0
1.00269 0.9115024 5.599782 1

-0.1810702 0.007243328 0.02495752 0
0.04107049 0.8328426 0.05625907 0
-0.0243831 0.01341533 -0.1807962 0
1.005657 0.9716799 5.603847 1

0.04144257 0.9904186 0.1317325 0
-0.9973257 0.04895046 -0.05427402 0
-0.06020236 -0.1291309 0.9897985 0
1.911844 0.6095359 5.556657 1

0.1393682 0.9875622 0.07278518 0
-0.9894049 0.1418936 -0.03073506 0
-0.04068083 -0.06773067 0.996874 0
0.05172992 0.6946747 5.544419 1

-0.03904545 -0.06433484 0.9971642 0
-0.04786405 -0.9966593 -0.06617645 0
0.9980905 -0.05031221 0.03583556 0
1.042717 1.674453 5.652335 1

0.2833725 0.9352036 0.2123545 0
0.5328614 0.03055958 -0.8456506 0
-0.797345 0.3527895 -0.489674 0
0.6360039 1.441401 5.387636 1

-0.1531277 0.9734689 0.17003 0
-0.8720038 -0.2140568 0.4402151 0
0.4649317 -0.08085774 0.8816465 0
1.441855 1.40078 5.41657 1

-0.4390244 0.8914474 0.1121573 0
-0.8959479 -0.4250087 -0.1290155 0
-0.06734286 -0.157128 0.9852794 0
1.632559 1.630677 5.672606 1

0.04800236 0.9968812 0.06263927 0
0.9980904 -0.05031249 0.03583817 0
0.03887806 0.06079935 -0.9973926 0
1.011628 1.376106 6.099342 1

0.4699048 0.8792323 0.0783573 0
-0.8818474 0.4715284 -0.00253522 0
-0.03917686 -0.0679078 0.9969221 0
0.4515294 1.690211 5.630203 1

0.7967912 -0.04016502 0.02860814 0
0.03716513 0.7738783 0.05138378 0
-0.03117066 -0.05135908 0.7960516 0
1.011558 1.025636 5.609254 1

-0.4102492 0.03074241 -0.1662773 0
0.03716517 0.7738784 0.05138347 0
0.1677562 0.01918972 -0.4103499 0
1.013336 1.062658 5.611712 1

-0.023599 0.01261491 -0.1729253 0
0.04000248 0.8329585 0.05530529 0
0.1731823 -0.006715264 -0.02412398 0
1.013336 1.062658 5.611712 1

0.04935308 0.9857878 0.1605823 0
-0.9965087 0.05944065 -0.05863085 0
-0.06734286 -0.157128 0.9852794 0
1.863247 1.162259 5.613672 1

0.1451413 0.9867204 0.07291666 0
-0.9886352 0.1475513 -0.02880024 0
-0.03917686 -0.0679078 0.9969221 0
0.2046141 1.228211 5.589029 1

0.03117081 0.05135908 -0.7960517 0
0.03716513 0.7738783 0.05138378 0
0.7967913 -0.04016504 0.02860828 0
1.007635 0.9439505 5.60383 1

0.01666949 0.02746574 -0.4257115 0
0.03716513 0.7738783 0.05138378 0
0.4261071 -0.02147941 0.0152991 0
0.9931371 0.6420711 5.583786 1

0.01398342 0.02304 -0.3571137 0
0.03716513 0.7738783 0.05138378 0
0.3574455 -0.01801828 0.01283385 0
0.9904516 0.5861542 5.580074 1

0.02257711 0.03719953 -0.5765826 0
0.03716513 0.7738783 0.05138378 0
0.5771183 -0.02909165 0.02072106 0
0.9990432 0.7650523 5.591952 1

0.0325856 0.05369018 -0.8321832 0
0.03716513 0.7738783 0.05138378 0
0.8329563 -0.04198806 0.02990677 0
1.007119 0.9332211 5.603118 1

-0.1215064 -0.01389917 0.2972177 0
0.03716517 0.7738784 0.05138347 0
-0.2971447 0.02226682 -0.1204352 0
1.000821 0.8020743 5.59441 1

-0.0752565 -0.008608627 0.1840855 0
0.03716517 0.7738784 0.05138347 0
-0.1840403 0.01379124 -0.07459309 0
0.9922296 0.6231762 5.582532 1

-0.0897125 -0.01026226 0.2194465 0
0.03716517 0.7738784 0.05138347 0
-0.2193926 0.01644039 -0.08892165 0
0.994915 0.6790932 5.586245 1

-0.1677563 -0.01918972 0.41035 0
0.03716517 0.7738784 0.05138347 0
-0.4102492 0.03074242 -0.1662774 0
1.009413 0.9809725 5.606289 1

-0.1753705 -0.02006071 0.4289751 0
0.03716517 0.7738784 0.05138347 0
-0.4288697 0.03213777 -0.1738245 0
1.008897 0.9702431 5.605577 1

-0.1731823 0.006715267 0.02412395 0
0.04000248 0.8329585 0.05530529 0
-0.02359897 0.01261491 -0.1729253 0
1.009113 0.9747364 5.605875 1

-0.09261422 0.003591183 0.01290097 0
0.04000248 0.8329585 0.05530529 0
-0.01262023 0.006746188 -0.09247677 0
0.9935088 0.6498107 5.584301 1

-0.07769064 0.00301251 0.01082215 0
0.04000248 0.8329585 0.05530529 0
-0.01058665 0.005659129 -0.07757536 0
0.9906183 0.5896249 5.580305 1

-0.1254364 0.004863888 0.01747305 0
0.04000248 0.8329585 0.05530529 0
-0.01709281 0.00913702 -0.1252503 0
0.9998658 0.7821805 5.59309 1

-0.1810427 0.007020063 0.02521889 0
0.04000248 0.8329585 0.05530529 0
-0.02467009 0.01318748 -0.1807741 0
1.008559 0.9631879 5.605108 1

0.04935308 0.9857878 0.1605823 0
-0.9965086 0.0594407 -0.05863111 0
-0.06734313 -0.157128 0.9852794 0
1.911131 0.6170944 5.530005 1

0.1451413 0.9867204 0.07291619 0
-0.9886351 0.1475514 -0.02880071 0
-0.03917726 -0.06790726 0.9969221 0
0.05064595 0.6981043 5.546869 1

-0.03719068 -0.06312691 0.9973124 0
-0.04635359 -0.9968195 -0.06482429 0
0.9982325 -0.04863986 0.03414631 0
1.0452 1.677402 5.653812 1

0.2822181 0.9359341 0.2106664 0
0.5313262 0.03034966 -0.8466235 0
-0.7987776 0.350865 -0.4887211 0
0.6384038 1.443351 5.390125 1

-0.1539084 0.9735582 0.1688095 0
-0.8709565 -0.2143528 0.4421399 0
0.4666337 -0.07897682 0.8809177 0
1.444369 1.40408 5.417695 1

-0.4403052 0.8873733 0.1367481 0
-0.8947004 -0.4209004 -0.1495118 0
-0.07511541 -0.1881793 0.979258 0
1.635147 1.634614 5.673103 1

0.0466621 0.9973112 0.05650826 0
0.9982324 -0.04864003 0.03414898 0
0.03680559 0.05481495 -0.9978181 0
1.015382 1.379576 6.101253 1

0.4709567 0.8787302 0.07767171 0
-0.8813629 0.4724393 -0.0008112923 0
-0.03740806 -0.06807488 0.9969788 0
0.4539495 1.692169 5.632699 1

0.7969046 -0.03882996 0.02725958 0
0.03599229 0.7740027 0.05033386 0
-0.02968997 -0.05039477 0.7961699 0
1.015024 1.028482 5.611612 1

-0.4105899 0.02986177 -0.1655955 0
0.03599233 0.7740028 0.05033355 0
0.1670044 0.01893986 -0.4106681 0
1.016746 1.06551 5.61402 1

-0.02392294 0.01235594 -0.1728995 0
0.0387401 0.8330923 0.05417522 0
0.1731504 -0.006463782 -0.02441958 0
1.016746 1.06551 5.61402 1

0.05666346 0.9796401 0.1925993 0
-0.9955636 0.06995536 -0.06292321 0
-0.07511541 -0.1881793 0.979258 0
1.866509 1.168336 5.601248 1

0.1521941 0.9856502 0.07301189 0
-0.9876425 0.1544656 -0.02651068 0
-0.03740806 -0.06807488 0.9969788 0
0.2064816 1.230433 5.591885 1

0.02713163 0.0460521 -0.7275616 0
0.03599229 0.7740027 0.05033386 0
0.728233 -0.03548388 0.02491067 0
1.008624 0.890857 5.602662 1

0.01331916 0.0226074 -0.3571667 0
0.03599229 0.7740027 0.05033386 0
0.3574963 -0.01741936 0.01222888 0
0.9945839 0.5889291 5.583027 1

0.02969011 0.05039476 -0.7961699 0
0.03599229 0.7740027 0.05033386 0
0.7969046 -0.03882997 0.02725972 0
1.011225 0.9467829 5.606299 1

0.01587764 0.02695005 -0.4257747 0
0.03599229 0.7740027 0.05033386 0
0.4261676 -0.02076544 0.01457792 0
0.9971845 0.644855 5.586664 1

0.0310377 0.05268211 -0.8323068 0
0.03599229 0.7740027 0.05033386 0
0.8330749 -0.04059241 0.028497 0
1.010227 0.9253206 5.604903 1

-0.08931042 -0.01012863 0.2196165 0
0.03599233 0.7740028 0.05033355 0
-0.2195747 0.01596944 -0.08855696 0
0.9989064 0.681883 5.589072 1

-0.1670045 -0.01893985 0.410668 0
0.03599233 0.7740028 0.05033355 0
-0.4105899 0.02986177 -0.1655955 0
1.012946 0.9838109 5.608707 1

-0.07491922 -0.008496533 0.1842282 0
0.03599233 0.7740028 0.05033355 0
-0.1841931 0.01339618 -0.07428718 0
0.9963058 0.625957 5.585435 1

-0.1526132 -0.01730775 0.3752796 0
0.03599233 0.7740028 0.05033355 0
-0.3752081 0.0272885 -0.1513257 0
1.010346 0.9278849 5.60507 1

-0.1745845 -0.0197995 0.4293076 0
0.03599233 0.7740028 0.05033355 0
-0.4292259 0.03121715 -0.1731117 0
1.011948 0.9623485 5.607311 1

-0.1582295 0.005906781 0.02231524 0
0.0387401 0.8330923 0.05417522 0
-0.0218614 0.01129119 -0.1580002 0
1.009857 0.9173782 5.604387 1

-0.07767633 0.002899693 0.01095476 0
0.0387401 0.8330923 0.05417522 0
-0.01073197 0.005542951 -0.07756376 0
0.9947453 0.5924003 5.583254 1

-0.1731504 0.006463784 0.02441955 0
0.0387401 0.8330923 0.05417522 0
-0.02392291 0.01235594 -0.1728995 0
1.012656 0.9775738 5.608301 1

-0.09259714 0.003456694 0.01305905 0
0.0387401 0.8330923 0.05417522 0
-0.01279347 0.006607695 -0.09246295 0
0.9975445 0.6525959 5.587168 1

-0.1810094 0.006757166 0.02552791 0
0.0387401 0.8330923 0.05417522 0
-0.02500873 0.01291676 -0.1807471 0
1.011582 0.954473 5.606799 1

0.05666346 0.9796401 0.1925993 0
-0.9955636 0.06995541 -0.06292346 0
-0.07511568 -0.1881793 0.979258 0
1.910311 0.6257534 5.500342 1

0.1521941 0.9856502 0.07301141 0
-0.9876425 0.1544656 -0.02651116 0
-0.03740846 -0.06807434 0.9969788 0
0.04871964 0.7014333 5.549845 1

-0.03507435 -0.06173244 0.9974763 0
-0.04462609 -0.9969982 -0.06327204 0
0.9983879 -0.04673269 0.03221411 0
1.047611 1.680155 5.655531 1

0.1510244 0.9798688 0.1305725 0
0.5343136 0.03021459 -0.8447462 0
-0.8316855 0.1973439 -0.5189939 0
0.6407247 1.444961 5.393004 1

-0.154562 0.9737177 0.1672859 0
-0.869793 -0.2144133 0.4443952 0
0.4685837 -0.07681744 0.8800728 0
1.446816 1.40723 5.419013 1

-0.4408558 0.8826818 0.1628475 0
-0.8937186 -0.4148683 -0.1707382 0
-0.08314737 -0.2208108 0.9717662 0
1.637675 1.638493 5.673701 1

0.04514033 0.9978028 0.0484999 0
0.9983878 -0.04673285 0.03221678 0
0.03441261 0.04696741 -0.9983035 0
1.019246 1.382931 6.103467 1

0.4721186 0.8781798 0.07684211 0
-0.880825 0.4734411 0.00114267 0
-0.035377 -0.06822399 0.9970427 0
0.4562936 1.693791 5.635582 1

0.7970286 -0.03730744 0.02571707 0
0.03465094 0.7741415 0.04912858 0
-0.02800048 -0.04928154 0.7963008 0
1.01856 1.031119 5.614341 1

-0.4109758 0.0288549 -0.1648147 0
0.03465098 0.7741416 0.04912827 0
0.1661455 0.01864785 -0.4110297 0
1.020218 1.068153 5.616692 1

-0.02429236 0.01205769 -0.172869 0
0.03729634 0.8332417 0.05287793 0
0.1731129 -0.0061775 -0.02475752 0
1.020218 1.068153 5.616692 1

0.06355715 0.9719826 0.2262981 0
-0.9945085 0.08057886 -0.06678347 0
-0.08314737 -0.2208108 0.9717662 0
1.869326 1.17468 5.588131 1

0.1600535 0.9844028 0.07303797 0
-0.9864744 0.1621642 -0.02390546 0
-0.035377 -0.06822399 0.9970427 0
0.2082151 1.232344 5.595205 1

0.02028093 0.03569476 -0.5767629 0
0.03465094 0.7741415 0.04912858 0
0.5772901 -0.02702189 0.01862705 0
1.006892 0.7704458 5.597798 1

0.02800061 0.04928152 -0.7963006 0
0.03465094 0.7741415 0.04912858 0
0.7970284 -0.03730744 0.02571721 0
1.014903 0.9494049 5.609156 1

0.02558772 0.0450348 -0.7276812 0
0.03465094 0.7741415 0.04912858 0
0.7283464 -0.03409256 0.02350109 0
1.012399 0.8934687 5.605606 1

0.01256124 0.02210799 -0.3572253 0
0.03465094 0.7741415 0.04912858 0
0.3575518 -0.01673634 0.01153689 0
0.998882 0.5914868 5.586442 1

0.02927152 0.05151835 -0.8324436 0
0.03465094 0.7741415 0.04912858 0
0.8332045 -0.03900077 0.02688448 0
1.014422 0.9386718 5.608475 1

-0.07453389 -0.008365532 0.1843904 0
0.03465098 0.7741416 0.04912827 0
-0.1843662 0.01294448 -0.07393686 0
1.00054 0.6285214 5.588792 1

-0.1518283 -0.0170409 0.3756101 0
0.03465098 0.7741416 0.04912827 0
-0.3755609 0.0263684 -0.1506122 0
1.014057 0.9305034 5.607956 1

-0.1661455 -0.01864784 0.4110295 0
0.03465098 0.7741416 0.04912827 0
-0.4109757 0.0288549 -0.1648147 0
1.01656 0.9864395 5.611506 1

-0.1203397 -0.01350668 0.2977099 0
0.03465098 0.7741416 0.04912827 0
-0.297671 0.02089969 -0.1193758 0
1.00855 0.8074803 5.600149 1

-0.1736867 -0.01949424 0.4296856 0
0.03465098 0.7741416 0.04912827 0
-0.4296294 0.03016458 -0.1722954 0
1.01608 0.9757063 5.610825 1

-0.1253861 0.004474383 0.01793192 0
0.03729634 0.8332417 0.05287793 0
-0.017595 0.00873342 -0.1252095 0
1.007659 0.7875798 5.598886 1

-0.1731128 0.006177501 0.02475749 0
0.03729634 0.8332417 0.05287793 0
-0.02429232 0.01205769 -0.1728689 0
1.016281 0.9802012 5.61111 1

-0.1581952 0.00564517 0.02262407 0
0.03729634 0.8332417 0.05287793 0
-0.02219899 0.01101864 -0.1579724 0
1.013586 0.9199948 5.607289 1

-0.07765946 0.002771264 0.01110636 0
0.03729634 0.8332417 0.05287793 0
-0.01089768 0.005409151 -0.07755005 0
0.9990374 0.5949588 5.586662 1

-0.1809702 0.00645789 0.0258812 0
0.03729634 0.8332417 0.05287793 0
-0.02539491 0.01260497 -0.1807153 0
1.015764 0.9686487 5.610377 1

0.06355715 0.9719826 0.2262981 0
-0.9945085 0.08057891 -0.06678373 0
-0.08314763 -0.2208108 0.9717662 0
1.909268 0.6354983 5.469033 1

0.1600535 0.9844028 0.0730375 0
-0.9864743 0.1621642 -0.02390593 0
-0.03537739 -0.06822345 0.9970428 0
0.0462302 0.7046078 5.553347 1

-0.0327183 -0.06015806 0.9976525 0
-0.042697 -0.9971914 -0.06153053 0
0.9985521 -0.04460995 0.03005791 0
1.049957 1.682718 5.657483 1

0.01619775 0.9988502 0.04512005 0
0.5276123 0.02979346 -0.8489627 0
-0.8493309 0.03755721 -0.5265231 0
0.642974 1.446248 5.396255 1

-0.1551941 0.9739187 0.1655208 0
-0.8685069 -0.2143542 0.4469317 0
0.4707552 -0.07439496 0.8791218 0
1.449198 1.41023 5.420523 1

-0.4416914 0.8770092 0.1891124 0
-0.8925464 -0.408178 -0.1917068 0
-0.09093702 -0.2534668 0.9630602 0
1.640144 1.642309 5.674402 1

0.04344934 0.9983244 0.03821643 0
0.998552 -0.04460987 0.03006066 0
0.03171505 0.036855 -0.9988173 0
1.023208 1.386175 6.10597 1

0.4733588 0.8775969 0.07586173 0
-0.8802481 0.4745021 0.003316037 0
-0.03308627 -0.06834686 0.9971128 0
0.458569 1.695095 5.638835 1

0.7971597 -0.03561282 0.02399574 0
0.03315305 0.7742916 0.04777635 0
-0.0261196 -0.04802469 0.7964414 0
1.022161 1.033556 5.617427 1

-0.4114019 0.02773084 -0.1639423 0
0.03315309 0.7742916 0.04777603 0
0.165188 0.01831353 -0.4114304 0
1.023747 1.070597 5.619713 1

-0.02470336 0.01172188 -0.1728338 0
0.0356841 0.8334032 0.05142245 0
0.1730696 -0.005859537 -0.02513445 0
1.023747 1.070597 5.619713 1

0.06905755 0.9631341 0.2600071 0
-0.9934593 0.09015089 -0.0700808 0
-0.09093702 -0.2534668 0.9630602 0
1.872235 1.181477 5.575031 1

0.1682482 0.9830404 0.07296509 0
-0.9851893 0.1701765 -0.02102606 0
-0.03308627 -0.06834686 0.9971128 0
0.2098387 1.233955 5.598973 1

0.01396828 0.02568258 -0.4259199 0
0.03315305 0.7742916 0.04777635 0
0.426304 -0.01904498 0.01283249 0
1.005729 0.6497855 5.593748 1

0.02386893 0.04388626 -0.7278097 0
0.03315305 0.7742916 0.04777635 0
0.7284662 -0.03254396 0.02192809 0
1.016266 0.8958793 5.608932 1

0.01891861 0.03478442 -0.5768648 0
0.03315305 0.7742916 0.04777635 0
0.5773851 -0.02579447 0.01738029 0
1.010998 0.7728325 5.60134 1

0.02611975 0.04802469 -0.7964414 0
0.03315305 0.7742916 0.04777635 0
0.7971597 -0.03561283 0.02399589 0
1.018662 0.9518262 5.612384 1

0.02730528 0.05020445 -0.8325906 0
0.03315305 0.7742916 0.04777635 0
0.8333416 -0.03722924 0.02508502 0
1.018662 0.9518262 5.612384 1

-0.1651881 -0.01831353 0.4114303 0
0.03315309 0.7742916 0.04777603 0
-0.4114019 0.02773084 -0.1639424 0
1.020248 0.9888679 5.61467 1

-0.1196462 -0.01326454 0.2980002 0
0.03315309 0.7742916 0.04777603 0
-0.2979796 0.02008553 -0.118744 0
1.012584 0.8098742 5.603625 1

-0.1509534 -0.0167354 0.3759762 0
0.03315309 0.7742916 0.04777603 0
-0.3759502 0.0253412 -0.149815 0
1.017852 0.9329211 5.611218 1

-0.08833908 -0.009793685 0.2200242 0
0.03315309 0.7742916 0.04777603 0
-0.220009 0.01482986 -0.0876729 0
1.007315 0.6868274 5.596033 1

-0.1726857 -0.01914475 0.4301045 0
0.03315309 0.7742916 0.04777603 0
-0.4300748 0.02898951 -0.1713835 0
1.020248 0.9888679 5.61467 1

-0.09255393 0.003133556 0.01344135 0
0.0356841 0.8334032 0.05142245 0
-0.01321081 0.006268614 -0.09242786 0
1.006061 0.6575292 5.594226 1

-0.1581557 0.005354605 0.02296851 0
0.0356841 0.8334032 0.05142245 0
-0.02257457 0.01071177 -0.1579402 0
1.017402 0.9224104 5.610569 1

-0.1253548 0.004244081 0.01820493 0
0.0356841 0.8334032 0.05142245 0
-0.01789269 0.008490195 -0.1251841 0
1.011732 0.7899699 5.602398 1

-0.1730696 0.005859539 0.02513441 0
0.0356841 0.8334032 0.05142245 0
-0.02470332 0.01172188 -0.1728338 0
1.019981 0.9826284 5.614285 1

-0.1809249 0.006125494 0.02627522 0
0.0356841 0.8334032 0.05142245 0
-0.02582457 0.01225392 -0.1806785 0
1.019981 0.9826284 5.614285 1

0.06905755 0.9631341 0.2600071 0
-0.9934593 0.09015096 -0.07008106 0
-0.09093727 -0.2534668 0.9630601 0
1.909081 0.6464285 5.437692 1

0.1682482 0.9830405 0.07296461 0
-0.9851893 0.1701766 -0.02102653 0
-0.03308666 -0.06834631 0.9971128 0
0.0434559 0.7075683 5.557371 1

-0.03014457 -0.05841044 0.9978375 0
-0.04058178 -0.9973966 -0.0596106 0
0.9987215 -0.04229096 0.0276956 0
1.05224 1.685098 5.65966 1

0.01403883 0.9989653 0.04326201 0
0.525468 0.02943947 -0.8503042 0
-0.8506978 0.0346701 -0.5245109 0
0.6451591 1.447229 5.399859 1

-0.1559096 0.9741329 0.1635777 0
-0.8670921 -0.2142921 0.4497005 0
0.4731212 -0.07172443 0.8780729 0
1.45152 1.413084 5.42222 1

-0.4428212 0.8705406 0.2146364 0
-0.8912219 -0.4011577 -0.2116505 0
-0.09814739 -0.2850121 0.953486 0
1.642558 1.646058 5.675208 1

0.04157563 0.9987995 0.02591196 0
0.9987214 -0.04229088 0.02769835 0
0.02876102 0.02472731 -0.9992806 0
1.027262 1.389315 6.10875 1

0.4746456 0.8769995 0.07472306 0
-0.8796471 0.475593 0.005699543 0
-0.03053937 -0.0684352 0.9971882 0
0.4607822 1.6961 5.642437 1

0.7972949 -0.03376153 0.02210987 0
0.03151064 0.7744508 0.04628557 0
-0.02406496 -0.04662954 0.7965891 0
1.025822 1.035802 5.620854 1

-0.4118631 0.02649866 -0.1629854 0
0.03151068 0.7744509 0.04628526 0
0.1641406 0.01793677 -0.4118661 0
1.02733 1.072851 5.623068 1

-0.02515202 0.01135026 -0.172794 0
0.0339163 0.8335747 0.04981787 0
0.1730206 -0.00551302 -0.02554715 0
1.02733 1.072851 5.623068 1

0.07330764 0.9534383 0.2925437 0
-0.9924683 0.09861027 -0.07268373 0
-0.09814739 -0.2850121 0.953486 0
1.875242 1.188625 5.562426 1

0.1763087 0.9816417 0.07276778 0
-0.9838611 0.1780352 -0.01791289 0
-0.03053937 -0.0684352 0.9971882 0
0.2113759 1.235273 5.603173 1

0.01079575 0.02091829 -0.3573546 0
0.03151064 0.7744508 0.04628557 0
0.3576712 -0.01514563 0.009918684 0
1.007927 0.5959945 5.594569 1

0.01743042 0.0337739 -0.5769718 0
0.03151064 0.7744508 0.04628557 0
0.577483 -0.02445358 0.01601435 0
1.015212 0.7750249 5.605268 1

0.01286951 0.02493649 -0.4259991 0
0.03151064 0.7744508 0.04628557 0
0.4263765 -0.01805496 0.01182397 0
1.010204 0.6519527 5.597913 1

0.02199134 0.04261134 -0.7279449 0
0.03151064 0.7744508 0.04628557 0
0.7285898 -0.03085221 0.02020473 0
1.020219 0.898097 5.612624 1

0.02515738 0.04874597 -0.8327451 0
0.03151064 0.7744508 0.04628557 0
0.8334829 -0.03529393 0.02311356 0
1.022059 0.9433181 5.615327 1

-0.1499962 -0.0163911 0.3763744 0
0.03151068 0.7744509 0.04628526 0
-0.3763717 0.0242152 -0.1489406 0
1.021727 0.9351465 5.614839 1

-0.08777894 -0.009592202 0.2202573 0
0.03151068 0.7744509 0.04628526 0
-0.2202557 0.01417093 -0.08716119 0
1.011712 0.6890022 5.600128 1

-0.1188875 -0.01299165 0.2983157 0
0.03151068 0.7744509 0.04628526 0
-0.2983136 0.01919306 -0.1180509 0
1.016719 0.8120742 5.607483 1

-0.07363446 -0.008046539 0.1847655 0
0.03151068 0.7744509 0.04628526 0
-0.1847643 0.01188746 -0.07311625 0
1.009435 0.6330439 5.596783 1

-0.1715907 -0.01875088 0.43056 0
0.03151068 0.7744509 0.04628526 0
-0.4305569 0.0277014 -0.1703831 0
1.023567 0.9803675 5.617541 1

-0.07761805 0.002473174 0.01146059 0
0.0339163 0.8335747 0.04981787 0
-0.01128333 0.005091794 -0.07751639 0
1.008069 0.5994678 5.594777 1

-0.1253193 0.003993098 0.01850385 0
0.0339163 0.8335747 0.04981787 0
-0.01821766 0.008221027 -0.1251552 0
1.015909 0.7921658 5.606294 1

-0.09252773 0.002948248 0.01366206 0
0.0339163 0.8335747 0.04981787 0
-0.01345075 0.00606988 -0.09240656 0
1.010519 0.659698 5.598377 1

-0.1581109 0.005037949 0.02334566 0
0.0339163 0.8335747 0.04981787 0
-0.02298457 0.01037218 -0.1579038 0
1.021299 0.9246337 5.61421 1

-0.1808737 0.005763249 0.02670667 0
0.0339163 0.8335747 0.04981787 0
-0.02629359 0.01186543 -0.1806368 0
1.023279 0.9733071 5.617119 1

0.07330764 0.9534383 0.2925437 0
-0.9924683 0.09861035 -0.07268398 0
-0.09814766 -0.285012 0.9534859 0
1.909683 0.658258 5.407436 1

0.1763087 0.9816417 0.0727673 0
-0.9838611 0.1780352 -0.01791337 0
-0.03053975 -0.06843465 0.9971882 0
0.04067183 0.7102453 5.561913 1

-0.02737522 -0.0564963 0.9980276 0
-0.0382959 -0.9976096 -0.05752306 0
0.9988915 -0.03979506 0.02514595 0
1.054467 1.687302 5.662054 1

0.01170625 0.9990809 0.04124143 0
0.5231547 0.02902973 -0.8517436 0
-0.8521575 0.03154638 -0.5223337 0
0.6472874 1.447922 5.403799 1

-0.1568126 0.9743311 0.1615208 0
-0.8655416 -0.2143428 0.4526537 0
0.4756551 -0.06882116 0.8769355 0
1.453785 1.415792 5.424102 1

-0.4442306 0.8635753 0.2385315 0
-0.8898035 -0.3942375 -0.2298404 0
-0.1044467 -0.3143483 0.9435446 0
1.644918 1.649736 5.676122 1

0.039507 0.9991494 0.01184252 0
0.9988915 -0.03979486 0.0251488 0
0.02559882 0.01083581 -0.9996138 0
1.031395 1.392353 6.111794 1

0.4759469 0.8764043 0.07341938 0
-0.8790365 0.4766827 0.008283071 0
-0.02773864 -0.06848063 0.9972669 0
0.4629406 1.696824 5.646368 1

0.7974306 -0.03176902 0.02007445 0
0.02973572 0.7746162 0.04466465 0
-0.02185414 -0.04510145 0.7967408 0
1.029537 1.037867 5.624606 1

-0.4123543 0.02516744 -0.1619511 0
0.02973576 0.7746163 0.04466434 0
0.1630116 0.01751742 -0.4123322 0
1.03096 1.074924 5.626743 1

-0.02563441 0.01094457 -0.1727492 0
0.03200587 0.8337527 0.04807321 0
0.1729657 -0.005141076 -0.02599229 0
1.03096 1.074924 5.626743 1

0.07648217 0.9433853 0.3227615 0
-0.9915854 0.1058757 -0.07449114 0
-0.1044467 -0.3143483 0.9435446 0
1.878342 1.195963 5.550784 1

0.1837678 0.980298 0.07242678 0
-0.9825783 0.1852745 -0.01460738 0
-0.02773864 -0.06848063 0.9972669 0
0.2128506 1.23631 5.607789 1

0.02185428 0.04510144 -0.7967408 0
0.02973572 0.7746162 0.04466465 0
0.7974306 -0.03176903 0.02007459 0
1.026398 0.9561033 5.619892 1

0.01168721 0.0241193 -0.4260802 0
0.02973572 0.7746162 0.04466465 0
0.4264491 -0.0169894 0.01073547 0
1.014799 0.6539361 5.602469 1

0.009803966 0.02023278 -0.3574228 0
0.02973572 0.7746162 0.04466465 0
0.3577323 -0.01425178 0.009005586 0
1.01265 0.5979658 5.599242 1

0.01582913 0.03266711 -0.5770818 0
0.02973572 0.7746162 0.04466465 0
0.5775815 -0.0230104 0.01454009 0
1.019524 0.7770346 5.609567 1

0.02284622 0.04714853 -0.8329037 0
0.02973572 0.7746162 0.04466465 0
0.8336248 -0.03321097 0.02098575 0
1.025574 0.934624 5.618653 1

-0.1180699 -0.01268791 0.2986535 0
0.02973576 0.7746163 0.04466434 0
-0.2986695 0.01822886 -0.1173017 0
1.020947 0.8140919 5.611703 1

