MeshAnim
1
33
50
30
-0.01257676 -0.9999204 -0.001037624 0
0.1640098 -0.0010394 -0.9864582 0
0.9863787 -0.01257669 0.16401 0
-0.002720607 0.8789449 0 1

-0.004797569 -0.987666 0.1565028 0
-0.05523088 -0.1560042 -0.9862112 0
0.9984623 -0.01337531 -0.05380106 0
-0.002628853 0.9688222 6.450795E-05 1

-0.0319549 0.8740887 0.4847148 0
-0.02441851 0.4841349 -0.8746526 0
-0.9991913 -0.03978536 0.005873271 0
-0.06533016 0.8797434 -0.01041035 1

0.01902757 0.9858556 -0.1665154 0
0.006045793 -0.166656 -0.9859966 0
-0.9998011 0.01775448 -0.009131533 0
0.05988895 0.8781466 0.01041027 1

0.2135332 0.9537851 -0.2114186 0
0.1435347 -0.2446913 -0.9589182 0
-0.9663343 0.174415 -0.1891511 0
-0.05640416 0.8332767 0.07354049 1

-0.1338332 0.9169075 -0.3759918 0
-0.2423289 -0.3981663 -0.8847262 0
-0.9609196 -0.02729197 0.2754807 0
0.05225264 0.8941025 0.1051732 1

0.3312394 0.930346 0.1572808 0
-0.9305338 0.2945117 0.217647 0
0.1561661 -0.2184481 0.9632718 0
-0.1320517 0.8807087 -0.01285999 1

0.05319446 0.9409693 0.3342869 0
-0.4434327 0.3222031 -0.8363927 0
-0.8947281 -0.1037421 0.4343956 0
-0.08044389 0.9275004 -0.08983829 1

-0.09051689 0.9941968 0.05814109 0
0.4299196 0.09166928 -0.8982016 0
-0.898319 -0.05630638 -0.4357221 0
0.07325388 0.8661023 -0.08175367 1

-0.006720577 -0.9968414 0.07913381 0
-0.1052226 -0.07799144 -0.9913856 0
0.9944261 -0.01498946 -0.1043659 0
-0.002287538 1.037887 -0.01082338 1

-0.3749927 0.9169248 -0.1364917 0
0.9267824 0.3741995 -0.03240933 0
0.02135807 -0.1386515 -0.9901112 0
0.1356643 0.8768556 0.009292292 1

-0.03910698 0.9952734 0.08889356 0
-0.00938235 0.0885917 -0.9960237 0
-0.9991913 -0.0397854 0.005873256 0
-0.05272347 0.5349021 -0.2016378 1

0.01971407 0.8056468 -0.5920685 0
-0.003155154 -0.5921306 -0.805836 0
-0.9998012 0.01775447 -0.009131563 0
0.05238227 0.4892112 0.07610311 1

-0.07543134 0.996721 -0.02929699 0
0.4379447 0.006719336 -0.8989769 0
-0.8958324 -0.08064144 -0.4370153 0
0.08429772 0.744802 -0.08884741 1

-0.02499353 -0.9926701 -0.1182427 0
-0.1520996 0.1206785 -0.9809701 0
0.9880491 -0.006533351 -0.1540007 0
-0.001799862 1.107574 -0.01624207 1

0.2048176 0.944214 -0.2578954 0
0.1343231 -0.2881031 -0.9481319 0
-0.9695399 0.1595528 -0.1858385 0
-0.08195858 0.7191334 0.09884181 1

0.01523081 0.9737664 0.2270404 0
-0.4483008 0.2096154 -0.8689581 0
-0.8937533 -0.08854727 0.4397325 0
-0.08693407 0.8126943 -0.1306241 1

0.2462522 0.963791 0.1023076 0
-0.9523125 0.2209856 0.2103969 0
0.1801704 -0.1492392 0.972248 0
-0.1839406 0.7349694 -0.03749814 1

-0.3041022 0.9296917 -0.2078365 0
0.9514417 0.3073429 -0.01732706 0
0.04776808 -0.2030136 -0.9780104 0
0.1944072 0.7332188 0.03067383 1

-0.1159758 0.9054856 -0.4082229 0
-0.2395667 -0.4243634 -0.873226 0
-0.9639288 -0.003476405 0.2661398 0
0.06826899 0.7843726 0.1501697 1

0.03868425 0.968635 0.2454592 0
-0.1457832 0.2484854 -0.9576022 0
-0.9885603 0.001260441 0.150823 0
-0.03675234 0.1284368 -0.2379415 1

0.06572752 0.9069258 -0.4161324 0
0.1253735 -0.4212354 -0.898244 0
-0.9899307 0.006867465 -0.1413913 0
0.04433113 0.1601887 0.3179012 1

0.0646169 -0.9766663 0.2048112 0
-0.1398719 -0.2120784 -0.967191 0
0.988059 0.03384944 -0.1503118 0
0.001871699 1.253148 0.001142033 1

0.1457328 -0.2500099 0.9572129 0
0.03892782 0.9682424 0.2469641 0
-0.9885582 0.00127157 0.1508369 0
-0.0562221 0.0388599 -0.3648059 1

-0.138124 0.1718017 0.9754004 0
0.03098983 0.985108 -0.1691231 0
-0.9899307 0.006867622 -0.1413912 0
0.04932827 0.009579301 0.2755997 1

-0.9726831 0.2139283 -0.0901241 0
-0.1167649 -0.1153342 0.9864399 0
0.2006331 0.9700169 0.137163 0
0.02734982 1.227383 0.0004079292 1

0.9018012 0.2015347 -0.3822803 0
0.4099152 -0.1188173 0.9043518 0
0.1368368 -0.972248 -0.1897618 0
-0.02295075 1.227716 0.008247813 1

0.01698477 -0.9817227 0.1895575 0
-0.004612203 -0.1896599 -0.9818388 0
0.9998451 0.01580194 -0.00774911 0
-0.001915472 1.31039 -0.0108619 1

-0.1847632 0.9613624 0.2040714 0
0.2127886 -0.1635884 0.9633069 0
0.9594706 0.2214076 -0.1743417 0
0.09829426 1.21178 0.006981283 1

0.343224 0.8986235 -0.2732635 0
0.438412 0.1040239 0.8927341 0
0.8306578 -0.4262101 -0.3582636 0
-0.08872523 1.213017 0.0361301 1

0.4851387 0.471714 -0.7362921 0
0.1284814 -0.8713326 -0.4735735 0
-0.8649471 0.135149 -0.4833236 0
-0.0685823 1.383647 0.05381003 1

-0.5156702 0.4550378 -0.7259651 0
-0.1083896 -0.8751497 -0.4715555 0
-0.8499041 -0.16448 0.5006096 0
0.06339724 1.385733 0.05278734 1

-0.07835884 0.8038606 0.5896339 0
0.270696 -0.5520751 0.7886298 0
0.9594705 0.2214076 -0.1743418 0
0.1336754 1.027685 -0.03209728 1

0.4654135 0.8846933 0.02661281 0
0.305611 -0.1888468 0.9332411 0
0.8306578 -0.4262101 -0.3582636 0
-0.1544508 1.040936 0.08845861 1

0.4565752 0.6235331 -0.6346222 0
0.216175 -0.7696854 -0.6007099 0
-0.8630226 0.1370799 -0.4862116 0
-0.1532637 1.301309 0.1823304 1

-0.4911669 0.6045296 -0.6271358 0
-0.2001141 -0.7790182 -0.5942094 0
-0.8477678 -0.1663573 0.5036024 0
0.1534078 1.306305 0.1795052 1

-0.07270499 0.761462 0.6441196 0
-0.8153772 -0.4172946 0.4012794 0
0.5743468 -0.4960254 0.6512183 0
0.1516843 0.8429371 -0.1676101 1

0.477295 0.8333515 -0.2787741 0
0.8659859 -0.3922074 0.3102297 0
0.1491928 -0.3894857 -0.9088687 0
-0.2614146 0.8376105 0.08234231 1

-0.1115846 0.7548812 0.6462999 0
-0.8122563 -0.4439717 0.3783235 0
0.5725282 -0.4827461 0.6626974 0
0.147128 0.7850553 -0.2370982 1

0.2296153 0.88052 0.4146822 0
-0.8532022 -0.02291021 0.5210768 0
0.468319 -0.4734551 0.7460013 0
0.1672705 0.7660584 -0.2158558 1

-0.1614235 0.8888385 -0.4288455 0
0.9774308 0.2039993 0.05489734 0
0.1362788 -0.4103053 -0.9017083 0
-0.3008111 0.7564012 0.08959775 1

-0.3200775 0.8600805 -0.3972559 0
0.9473705 0.2933705 -0.1281528 0
0.006321095 -0.4173675 -0.9087158 0
-0.3070554 0.7680815 0.1218843 1

0.6684056 0.4391929 0.6002864 0
0.1585585 -0.8726408 0.4619067 0
0.7267003 -0.2135604 -0.6529154 0
0.1397438 0.8220063 -0.1947252 1

-0.3020883 0.9378697 0.1707158 0
-0.8128327 -0.346979 0.4678766 0
0.4980426 0.002576648 0.8671493 0
-0.2682624 0.8020158 0.08092138 1

0.6887917 0.7244424 0.02736838 0
-0.5533925 0.5010225 0.6653819 0
0.4683189 -0.4734552 0.7460015 0
0.1581477 0.7310747 -0.2323314 1

-0.7703052 -0.5814925 0.2617183 0
-0.6376446 0.6983343 -0.3251757 0
0.006320137 -0.4173679 -0.9087154 0
-0.2943385 0.7339097 0.1376676 1

0.5202549 0.7917632 0.3200721 0
0.4485997 -0.5722792 0.6864808 0
0.7267003 -0.2135604 -0.6529152 0
0.1135892 0.8048208 -0.2182142 1

-0.0229223 0.9996855 0.01019488 0
-0.86685 -0.02495423 0.4979443 0
0.4980426 0.002576648 0.8671493 0
-0.2564416 0.7653171 0.07424129 1

0.4729051 0.8547149 0.2140628 0
-0.6697553 0.1908362 0.7176417 0
0.5725282 -0.4827461 0.6626974 0
0.1514981 0.7554906 -0.2624103 1

-0.8900998 -0.4502998 0.07037575 0
-0.4349147 0.7930194 -0.4265788 0
0.1362787 -0.4103054 -0.9017082 0
-0.294489 0.7215903 0.1063934 1

-0.02579865 -0.9996652 -0.001960612 0
0.151248 -0.001964713 -0.9884939 0
0.9881592 -0.02579839 0.1512481 0
-0.005879898 0.8767875 0 1

-0.01619669 -0.9887238 0.1488717 0
-0.04982571 -0.1479082 -0.9877453 0
0.9986268 -0.02341591 -0.04686818 0
-0.005819085 0.9666642 6.277658E-05 1

-0.03562508 0.8706744 0.4905682 0
-0.02244996 0.4900586 -0.8714004 0
-0.9991133 -0.04205688 0.002088153 0
-0.06860247 0.8784251 -0.009600296 1

0.01253985 0.9989243 -0.04464569 0
0.0004664896 -0.04465514 -0.9990024 0
-0.9999215 0.01250658 -0.001026051 0
0.05684268 0.87515 0.00960022 1

0.2083677 0.9599808 -0.1871355 0
0.1503395 -0.2204986 -0.9637315 0
-0.9664271 0.1726767 -0.1902678 0
-0.05986549 0.8314046 0.07406153 1

-0.1571069 0.9327658 -0.3244467 0
-0.2344818 -0.3543637 -0.9052319 0
-0.9593416 -0.06614125 0.2743894 0
0.04974319 0.879337 0.105647 1

0.3296487 0.9269544 0.1791288 0
-0.932395 0.2898576 0.215922 0
0.1482281 -0.238197 0.9598388 0
-0.135317 0.8792582 -0.01227782 1

0.05365536 0.9328943 0.3561313 0
-0.4413494 0.3420737 -0.829576 0
-0.89573 -0.112667 0.4300862 0
-0.08354589 0.9266912 -0.08875229 1

-0.09362684 0.9941834 0.05323458 0
0.4274511 0.08843049 -0.8997033 0
-0.8991775 -0.06148119 -0.4332441 0
0.06966631 0.8745626 -0.08342174 1

-0.01098392 -0.996802 0.07915196 0
-0.0938256 -0.0777802 -0.9925457 0
0.9955282 -0.0183286 -0.09267113 0
-0.004681488 1.035803 -0.01029147 1

-0.3784819 0.9215415 -0.08667655 0
0.9247202 0.38056 0.008216455 0
0.04055738 -0.07704186 -0.9962028 0
0.1326149 0.8744779 0.007888277 1

-0.04205982 0.9991142 -0.001321499 0
-0.002030795 -0.001408261 -0.9999969 0
-0.9991133 -0.04205694 0.002088138 0
-0.05454785 0.5349309 -0.203137 1

0.01011361 0.7548036 -0.6558731 0
-0.007428232 -0.6558319 -0.7548706 0
-0.9999216 0.01250651 -0.001026066 0
0.0518955 0.4810588 0.02721363 1

-0.08674772 0.9961154 -0.01514515 0
0.4339153 0.02409443 -0.9006316 0
-0.8967681 -0.08469941 -0.4343198 0
0.08108959 0.7532639 -0.08991683 1

-0.02086883 -0.9934896 -0.1119938 0
-0.1363411 0.1137996 -0.984104 0
0.9904423 -0.005267828 -0.1378282 0
-0.00389761 1.105488 -0.01571105 1

0.1933905 0.9550306 -0.2247595 0
0.1434977 -0.2541536 -0.9564593 0
-0.9705715 0.1527176 -0.1861956 0
-0.08480172 0.7165198 0.09645679 1

0.006005512 0.9667235 0.2557532 0
-0.4450698 0.231613 -0.8650252 0
-0.895476 -0.1086329 0.4316502 0
-0.0900923 0.8128703 -0.1322033 1

0.2385791 0.9623709 0.1300841 0
-0.9560127 0.209212 0.205598 0
0.1706465 -0.1734132 0.9699522 0
-0.1869568 0.7340501 -0.04033852 1

-0.3120227 0.9312443 -0.1882184 0
0.9467438 0.3213413 0.02041109 0
0.07949 -0.1718259 -0.9819154 0
0.1919044 0.7301178 0.02146622 1

-0.1331497 0.9054888 -0.4029408 0
-0.2254419 -0.4235743 -0.8773603 0
-0.9651156 -0.0259804 0.2605337 0
0.06854478 0.7677093 0.1444749 1

0.02676377 0.9857341 0.1661683 0
-0.1464302 0.1683005 -0.9747989 0
-0.9888592 0.001757346 0.1488456 0
-0.03737079 0.126897 -0.2025972 1

0.08074154 0.8608469 -0.5024177 0
0.1154131 -0.5087476 -0.8531447 0
-0.9900311 0.01089865 -0.1404301 0
0.04776514 0.1728004 0.2950693 1

0.06342282 -0.9751306 0.2123614 0
-0.1236053 -0.2188268 -0.9679031 0
0.9903027 0.03513807 -0.1344099 0
-0.0008316478 1.251183 0.0007567615 1

0.1465201 -0.1655807 0.975251 0
0.02638157 0.9861946 0.1634753 0
-0.9888561 0.001776311 0.1488656 0
-0.05549209 0.02710694 -0.3218082 1

-0.1194807 0.4629952 0.878271 0
0.0745905 0.8862941 -0.4570772 0
-0.9900311 0.01089882 -0.1404301 0
0.0499641 0.01872683 0.2676094 1

-0.9715533 0.2110698 -0.1073954 0
-0.1325883 -0.1090423 0.985155 0
0.1962258 0.9713697 0.1339259 0
0.02471186 1.225473 0.0006102832 1

0.9074733 0.2010702 -0.3688672 0
0.395364 -0.1118506 0.9116891 0
0.1420554 -0.9731702 -0.1809975 0
-0.02571052 1.225741 0.007626857 1

0.01638947 -0.9807246 0.194706 0
-0.003667029 -0.1947899 -0.9808379 0
0.9998591 0.01536135 -0.0067888 0
-0.004548824 1.308335 -0.01168969 1

-0.196383 0.9663162 0.1663331 0
0.1826954 -0.1306053 0.9744563 0
0.9633568 0.2217548 -0.1508929 0
0.09557389 1.210078 0.008443361 1

0.3449197 0.8988537 -0.2703562 0
0.4323262 0.1035265 0.8957546 0
0.8331414 -0.4258453 -0.3528895 0
-0.09189874 1.211076 0.03453083 1

0.4850233 0.4555804 -0.7464574 0
0.1215858 -0.8804214 -0.4583395 0
-0.8660077 0.1315467 -0.4824168 0
-0.07125323 1.381955 0.05252876 1

-0.5193346 0.4381992 -0.7336712 0
-0.1009514 -0.8839723 -0.4565102 0
-0.8485879 -0.1630163 0.5033141 0
0.06072814 1.383983 0.05163282 1

-0.09832166 0.8153597 0.5705451 0
0.2495532 -0.5348021 0.8072858 0
0.9633568 0.2217548 -0.1508929 0
0.1331802 1.025034 -0.02340859 1

0.4656528 0.8843837 0.0321455 0
0.2984008 -0.1911057 0.9351127 0
0.8331414 -0.4258454 -0.3528895 0
-0.157949 1.03895 0.08630259 1

0.4512216 0.6206726 -0.6412206 0
0.214971 -0.7729637 -0.5969207 0
-0.8661331 0.1314997 -0.4822046 0
-0.1559145 1.302433 0.1828235 1

-0.4953483 0.5977382 -0.6303487 0
-0.199008 -0.7844127 -0.5874452 0
-0.8455926 -0.1655455 0.507512 0
0.1513784 1.307495 0.1796958 1

-0.083497 0.7648082 0.6388242 0
-0.8252463 -0.4124004 0.3858681 0
0.5585666 -0.4949686 0.6655899 0
0.1557771 0.8376438 -0.1545342 1

0.4796574 0.8328695 -0.2761469 0
0.8637202 -0.39269 0.3158832 0
0.1546493 -0.3900293 -0.9077227 0
-0.2649678 0.8356967 0.07891478 1

-0.1102984 0.752244 0.6495871 0
-0.8222337 -0.436232 0.3655584 0
0.5583599 -0.493792 0.6666365 0
0.1524785 0.7794455 -0.2238287 1

0.2306004 0.8747014 0.4262876 0
-0.8641317 -0.01730839 0.502968 0
0.4473253 -0.484353 0.7518663 0
0.1720953 0.7604781 -0.2020744 1

-0.158058 0.8887507 -0.4302788 0
0.9772135 0.2033121 0.06097797 0
0.1416751 -0.4108362 -0.9006342 0
-0.304469 0.7545196 0.08595953 1

-0.3169289 0.8601238 -0.399679 0
0.9483767 0.2926169 -0.1223008 0
0.0117588 -0.4178068 -0.9084599 0
-0.3109086 0.76622 0.1182004 1

0.6571687 0.4396461 0.6122426 0
0.1454813 -0.8709798 0.4692868 0
0.7395705 -0.2193307 -0.6363408 0
0.1443359 0.8166263 -0.1817971 1

-0.241954 0.9562994 0.1641639 0
-0.7842798 -0.2923666 0.547199 0
0.5712826 0.003646474 0.8207458 0
-0.2718324 0.8001063 0.07746744 1

0.6960369 0.716438 0.04742133 0
-0.5616342 0.5021139 0.6576084 0
0.4473249 -0.4843532 0.7518665 0
0.1629333 0.7257255 -0.2190112 1

-0.7723692 -0.5808061 0.2571204 0
-0.635066 0.6986428 -0.3295303 0
0.01175771 -0.4178072 -0.9084595 0
-0.2983167 0.7320464 0.13408 1

0.5163077 0.7913952 0.3272914 0
0.431812 -0.5706028 0.6985355 0
0.7395704 -0.2193309 -0.6363406 0
0.1186211 0.799423 -0.2057539 1

-0.02176145 0.9997059 0.01070543 0
-0.8204651 -0.02397629 0.5711934 0
0.5712826 0.003646524 0.8207458 0
-0.2623649 0.7626864 0.07104374 1

0.4806534 0.8475053 0.2251812 0
-0.6761705 0.1946892 0.710556 0
0.5583596 -0.493792 0.6666365 0
0.1567982 0.7499841 -0.2492697 1

-0.8908556 -0.4496182 0.0649626 0
-0.4316306 0.7931312 -0.4296952 0
0.1416748 -0.4108363 -0.9006343 0
-0.2982787 0.7197123 0.1028112 1

-0.03970308 -0.999208 -0.002651321 0
0.1330578 -0.002657384 -0.9911048 0
0.990313 -0.03970288 0.133058 0
-0.009276066 0.875684 0 1

-0.03231309 -0.9899535 0.1376522 0
-0.04079734 -0.1363031 -0.989827 0
0.9986452 -0.03760043 -0.03598291 0
-0.009264758 0.9655593 5.467738E-05 1

-0.04083105 0.879433 0.4742686 0
-0.01760004 0.4739576 -0.8803719 0
-0.9990113 -0.04429341 -0.003874308 0
-0.07213536 0.8782041 -0.008445696 1

0.007193817 0.9957191 0.09215215 0
-0.004963907 0.09218876 -0.9957293 0
-0.9999622 0.006705887 0.005605683 0
0.05358322 0.8731638 0.008445621 1

0.201563 0.9634529 -0.1764392 0
0.1619826 -0.2104447 -0.9640929 0
-0.9659889 0.1657455 -0.1984806 0
-0.06386422 0.8327444 0.0761213 1

-0.1815106 0.9457873 -0.269334 0
-0.2229238 -0.3063267 -0.9254564 0
-0.9577891 -0.107939 0.2664397 0
0.04700656 0.8641542 0.1041979 1

0.3282187 0.9259597 0.1867378 0
-0.9349923 0.2903418 0.2036936 0
0.1343946 -0.2414542 0.9610608 0
-0.1388319 0.8788356 -0.0115876 1

0.05423025 0.9308039 0.3614741 0
-0.4368834 0.3476362 -0.8296278 0
-0.8978823 -0.1129308 0.4255049 0
-0.08664602 0.9249776 -0.08856837 1

-0.09684329 0.9933999 0.06146983 0
0.42625 0.09720472 -0.899368 0
-0.8994072 -0.06089609 -0.4328503 0
0.06588261 0.8853596 -0.08384667 1

-0.01826655 -0.9968105 0.07768671 0
-0.07754216 -0.0760534 -0.994084 0
0.9968221 -0.02418273 -0.07590543 0
-0.007001236 1.034784 -0.009515012 1

-0.3800548 0.9244118 -0.03196428 0
0.9227751 0.3813047 0.05562232 0
0.06360581 -0.008356558 -0.9979405 0
0.129347 0.8731731 0.006285592 1

-0.04400422 0.9974293 -0.05655684 0
0.006369282 -0.0563306 -0.9983919 0
-0.9990112 -0.04429344 -0.003874323 0
-0.05602689 0.5312544 -0.195552 1

0.0008502153 0.7129821 -0.7011819 0
-0.008698685 -0.7011504 -0.7129607 0
-0.9999623 0.006705757 0.005605698 0
0.05074512 0.4803372 -0.02790982 1

-0.09436604 0.9955335 -0.002930984 0
0.4325929 0.03835294 -0.9007736 0
-0.8966378 -0.08627018 -0.4342799 0
0.07769832 0.7641564 -0.09134652 1

-0.01691923 -0.9943652 -0.10465 0
-0.1136032 0.1058989 -0.9878662 0
0.9933825 -0.004825619 -0.1147546 0
-0.005711103 1.104471 -0.0148317 1

0.1808063 0.9694999 -0.1654667 0
0.1647525 -0.1957183 -0.966722 0
-0.9696218 0.1475286 -0.1951147 0
-0.08798608 0.7174442 0.09723647 1

0.001015913 0.9559112 0.2936543 0
-0.4386846 0.2643158 -0.8588908 0
-0.8986409 -0.1279487 0.4196118 0
-0.09326257 0.8114116 -0.1326713 1

0.2332518 0.9571255 0.1717676 0
-0.9614325 0.2005162 0.1882591 0
0.1457456 -0.2090545 0.9669821 0
-0.1902476 0.7337832 -0.04084026 1

-0.3141508 0.936785 -0.1540889 0
0.9428403 0.3268605 0.06492545 0
0.1111866 -0.1248849 -0.9859219 0
0.1888829 0.7283634 0.01129282 1

-0.1561152 0.9105042 -0.3828974 0
-0.2070237 -0.4092025 -0.888648 0
-0.9658005 -0.05946233 0.2523786 0
0.06872863 0.7509682 0.1364302 1

0.01215919 0.9978465 0.06445541 0
-0.1446625 0.06553732 -0.9873083 0
-0.9894066 0.002680855 0.1451477 0
-0.03805574 0.1239086 -0.1724544 1

0.0911787 0.8155526 -0.5714552 0
0.1111166 -0.578594 -0.8080115 0
-0.9896164 0.01017547 -0.143377 0
0.05039791 0.1891586 0.2584498 1

0.05979145 -0.973344 0.2214186 0
-0.1007978 -0.2265691 -0.9687654 0
0.9931089 0.03560513 -0.1116576 0
-0.00322537 1.250294 0.0005592821 1

0.1447328 -0.06081914 0.9875998 0
0.01149482 0.998145 0.05978407 0
-0.9894045 0.002699832 0.1451633 0
-0.05426364 0.01219279 -0.2808727 1

-0.09544605 0.6993102 0.7084179 0
0.1074733 0.7147464 -0.6910773 0
-0.9896164 0.01017565 -0.143377 0
0.05091986 0.03333068 0.2437885 1

-0.9690819 0.2087343 -0.1315718 0
-0.1552845 -0.1015463 0.9826369 0
0.1917491 0.9726861 0.13082 0
0.02234937 1.224623 0.001207455 1

0.9155247 0.1995681 -0.3492672 0
0.3742321 -0.1041186 0.9214717 0
0.1475311 -0.9743367 -0.170008 0
-0.02822267 1.224869 0.007049378 1

0.01405524 -0.9796451 0.2002444 0
-0.001249311 -0.2002814 -0.9797375 0
0.9999008 0.01352004 -0.004038701 0
-0.006729716 1.307342 -0.012418 1

-0.2095648 0.9714171 0.1114969 0
0.1371971 -0.08368805 0.9870026 0
0.9681219 0.2221376 -0.1157374 0
0.09303111 1.209399 0.01080387 1

0.3485617 0.8992389 -0.2643373 0
0.4237156 0.1003846 0.9002158 0
0.8360445 -0.4257846 -0.3460311 0
-0.09499812 1.210313 0.03252379 1

0.4850825 0.4399756 -0.7557223 0
0.1150451 -0.8888052 -0.4436103 0
-0.8668681 0.1282457 -0.4817609 0
-0.07348135 1.381441 0.0511974 1

-0.5220218 0.422868 -0.7407271 0
-0.09474283 -0.8918211 -0.4423557 0
-0.8476545 -0.1607405 0.5056136 0
0.05850552 1.383226 0.05066449 1

-0.1262984 0.8319395 0.5403014 0
0.2163081 -0.5084599 0.8334747 0
0.9681219 0.2221377 -0.1157374 0
0.1331617 1.023378 -0.01054722 1

0.4669586 0.8833139 0.04131547 0
0.2880627 -0.1961237 0.9373131 0
0.8360445 -0.4257847 -0.3460312 0
-0.1617458 1.038114 0.08314297 1

0.4482113 0.614606 -0.6491266 0
0.2122565 -0.7785553 -0.5905921 0
-0.8683631 0.1269288 -0.4794115 0
-0.158153 1.304643 0.1831094 1

-0.4969824 0.5890223 -0.6372299 0
-0.1961222 -0.7915797 -0.5787376 0
-0.8453079 -0.1626472 0.5089213 0
0.1496248 1.309414 0.1799591 1

-0.09976728 0.7704455 0.6296512 0
-0.83961 -0.404767 0.3622411 0
0.5339494 -0.4925216 0.6872565 0
0.1621883 0.8321773 -0.1347221 1

0.4838343 0.8322446 -0.2706913 0
0.8600313 -0.3948906 0.3231235 0
0.1620241 -0.389141 -0.9068174 0
-0.2690648 0.835106 0.07364763 1

-0.1120256 0.7488415 0.6532127 0
-0.8365888 -0.425813 0.3446769 0
0.5362551 -0.5078579 0.6741747 0
0.1608014 0.773433 -0.2036195 1

0.2300883 0.8670167 0.4419744 0
-0.8800216 -0.00852551 0.4748573 0
0.4154775 -0.4982061 0.761032 0
0.1795971 0.7545384 -0.1810907 1

-0.1523496 0.8896462 -0.4304875 0
0.9770398 0.2012136 0.07005478 0
0.1489438 -0.4099303 -0.899874 0
-0.3087942 0.7540014 0.08022679 1

-0.3115477 0.861307 -0.4013593 0
0.9500396 0.2908206 -0.1133558 0
0.01908922 -0.4166225 -0.9088793 0
-0.3155 0.7656721 0.1124241 1

0.6395159 0.441079 0.6296579 0
0.1253003 -0.8678877 0.4806991 0
0.7584983 -0.2285185 -0.6102951 0
0.1515153 0.8109997 -0.162172 1

-0.1526919 0.9772945 0.1469064 0
-0.7259702 -0.21178 0.6543065 0
0.6705622 -0.006742509 0.7418235 0
-0.275989 0.7995319 0.0720906 1

0.7049995 0.7050508 0.07667178 0
-0.5747647 0.5046721 0.6441676 0
0.4154771 -0.4982063 0.7610322 0
0.1704554 0.7200911 -0.1986507 1

-0.7758445 -0.5795533 0.2493684 0
-0.6306368 0.7003884 -0.3342972 0
0.01908803 -0.416623 -0.908879 0
-0.303122 0.7314516 0.1283705 1

0.509937 0.7912387 0.3374987 0
0.4057644 -0.5672042 0.7166837 0
0.7584983 -0.2285187 -0.6102949 0
0.1264912 0.7937403 -0.1868104 1

-0.0181548 0.9995103 0.02549523 0
-0.741632 -0.03056356 0.6701109 0
0.6705623 -0.006742447 0.7418234 0
-0.2700142 0.7612906 0.06634214 1

0.4891878 0.8379076 0.2420869 0
-0.6878418 0.1999779 0.6977699 0
0.5362548 -0.507858 0.6741748 0
0.1651888 0.7441049 -0.2292024 1

-0.8923248 -0.4478672 0.05632814 0
-0.426115 0.7945895 -0.4324978 0
0.1489436 -0.4099305 -0.899874 0
-0.3028274 0.7191589 0.09708664 1

-0.05336093 -0.998571 -0.002959087 0
0.1106279 -0.002966686 -0.9938575 0
0.9924286 -0.05336065 0.1106282 0
-0.01264048 0.8756036 0 1

-0.05091814 -0.9908919 0.1246626 0
-0.0293724 -0.1232849 -0.9919366 0
0.9982712 -0.05416937 -0.02282735 0
-0.01268313 0.965479 4.498135E-05 1

-0.0460759 0.8909947 0.45167 0
-0.01300869 0.4515766 -0.8921375 0
-0.9988533 -0.04698151 -0.009216241 0
-0.07563403 0.8789907 -0.007021984 1

0.001600155 0.9789556 0.2040679 0
-0.007880017 0.204074 -0.9789238 0
-0.9999679 -4.147141E-05 0.008040657 0
0.05035308 0.8722165 0.007021908 1

0.1922794 0.9675081 -0.164184 0
0.1747595 -0.1983908 -0.964417 0
-0.9656541 0.1567449 -0.2072279 0
-0.06780427 0.835698 0.07871604 1

-0.2013713 0.9539441 -0.2223525 0
-0.210206 -0.2638004 -0.9413941 0
-0.9566942 -0.1428297 0.2536465 0
0.04405784 0.8524058 0.1011539 1

0.3269184 0.9247714 0.1947357 0
-0.9375879 0.291528 0.1895801 0
0.1185474 -0.2445588 0.9623604 0
-0.14231 0.8793689 -0.01061003 1

0.05561107 0.9288267 0.3663175 0
-0.4329916 0.3530259 -0.829392 0
-0.8996812 -0.1124888 0.4218061 0
-0.0897354 0.9236925 -0.08839067 1

-0.1020295 0.9881415 0.1147473 0
0.4255072 0.1476149 -0.8928347 0
-0.8991853 -0.04226964 -0.4355223 0
0.06236062 0.8948368 -0.083322 1

-0.02744957 -0.9967557 0.07566306 0
-0.05812322 -0.07397217 -0.995565 0
0.9979322 -0.03172578 -0.05590404 0
-0.009119792 1.034769 -0.008616369 1

-0.3822807 0.923814 0.02072712 0
0.9204295 0.3787057 0.09691273 0
0.08167986 0.05612555 -0.9950773 0
0.1261101 0.8729299 0.004746977 1

-0.04601771 0.9952314 -0.08600419 0
0.0132128 -0.08548158 -0.9962521 0
-0.9988533 -0.04698145 -0.009216233 0
-0.05745639 0.5274798 -0.1852128 1

-0.005879969 0.6858907 -0.7276809 0
-0.005484711 -0.7277048 -0.6858687 0
-0.999968 -4.161297E-05 0.008040701 0
0.04972177 0.4860035 -0.07348599 1

-0.09727468 0.9952374 -0.006373902 0
0.4394607 0.03720481 -0.8974912 0
-0.8929797 -0.09010413 -0.4409868 0
0.0748091 0.7742752 -0.09732216 1

-0.01355631 -0.9952778 -0.09611706 0
-0.0861379 0.09693087 -0.9915566 0
0.9961911 -0.0051627 -0.08704504 0
-0.007190915 1.104453 -0.01379114 1

0.1712961 0.9775067 -0.1230381 0
0.1827127 -0.1542364 -0.970993 0
-0.9681291 0.1438468 -0.2050231 0
-0.09081512 0.7199125 0.09836458 1

0.0007392632 0.9486657 0.3162797 0
-0.4341804 0.2852175 -0.8544816 0
-0.9008258 -0.1366906 0.4121028 0
-0.09652043 0.8103678 -0.1330845 1

0.2289476 0.9545943 0.1906109 0
-0.9652432 0.1972696 0.1714367 0
0.1260509 -0.2232357 0.9665799 0
-0.193522 0.7345027 -0.04111557 1

-0.3145908 0.9426255 -0.1117594 0
0.9397153 0.3258984 0.1035665 0
0.1340466 -0.07244108 -0.988324 0
0.1859948 0.7282137 0.001500065 1

-0.1811164 0.9199069 -0.3478051 0
-0.189395 -0.3796596 -0.9055322 0
-0.965053 -0.098134 0.2429882 0
0.06815671 0.7382436 0.1277637 1

0.0008475315 0.9999982 0.001671708 0
-0.1424685 0.001775326 -0.9897977 0
-0.9897991 0.0006008873 0.1424696 0
-0.03866295 0.1210316 -0.150089 1

0.09072254 0.7726675 -0.628295 0
0.1202744 -0.6347799 -0.7632751 0
-0.9885871 -0.006321444 -0.150521 0
0.05212314 0.205889 0.2236957 1

0.05404815 -0.9712717 0.2317542 0
-0.07371957 -0.2353414 -0.9691128 0
0.9958136 0.03529377 -0.08432139 0
-0.005199581 1.250411 0.0003485905 1

0.1424666 -0.001775409 0.9897979 0
0.000847837 0.9999982 0.001671742 0
-0.9897996 0.0006011928 0.1424678 0
-0.05330465 0.00255245 -0.2513115 1

-0.09475386 0.8028498 0.5886039 0
0.1171249 0.5961483 -0.7942856 0
-0.9885872 -0.006321306 -0.1505211 0
0.0536339 0.04941517 0.2203451 1

-0.965142 0.2068646 -0.1603377 0
-0.1825026 -0.09281388 0.9788147 0
0.1876005 0.9739572 0.1273319 0
0.02035875 1.224765 0.00193873 1

0.9247943 0.1970544 -0.3254618 0
0.3485092 -0.09556543 0.9324207 0
0.1526349 -0.9757237 -0.1570537 0
-0.03035627 1.225028 0.006370001 1

0.01021662 -0.9784058 0.2064405 0
0.001712312 -0.206434 -0.9784588 0
0.9999466 0.01034987 -0.0004336566 0
-0.008367314 1.307337 -0.01323448 1

-0.2201214 0.9744709 0.04419589 0
0.08051716 -0.02700197 0.9963872 0
0.9721439 0.2228846 -0.0725178 0
0.09075315 1.209677 0.01363324 1

0.3535455 0.8994209 -0.2569976 0
0.4136481 0.09609496 0.9053512 0
0.8389884 -0.4263895 -0.3380697 0
-0.09780782 1.210655 0.03010814 1

0.4839084 0.4285544 -0.7630029 0
0.1105575 -0.8948376 -0.4324844 0
-0.8681071 0.1249272 -0.4803991 0
-0.07511691 1.382045 0.04966777 1

-0.5241064 0.4126579 -0.7450012 0
-0.092352 -0.8971502 -0.4319638 0
-0.8466314 -0.1575925 0.5083116 0
0.056876 1.383411 0.04961073 1

-0.1580115 0.8517338 0.4995817 0
0.1731151 -0.4742067 0.8632262 0
0.9721439 0.2228847 -0.0725178 0
0.1329052 1.023071 0.00516995 1

0.4690681 0.8816216 0.05214343 0
0.2758162 -0.2023254 0.9396755 0
0.8389882 -0.4263897 -0.3380697 0
-0.1655098 1.038421 0.07932177 1

0.447517 0.6063037 -0.6573612 0
0.208542 -0.785565 -0.5825787 0
-0.8696203 0.1236266 -0.4779933 0
-0.1595836 1.30724 0.1828505 1

-0.4958779 0.5801417 -0.6461743 0
-0.1930922 -0.7991374 -0.5692933 0
-0.8466531 -0.1575285 0.508295 0
0.1483592 1.311381 0.1796513 1

-0.1203588 0.7789758 0.6153947 0
-0.8563825 -0.3950145 0.3325242 0
0.5021183 -0.486991 0.7146447 0
0.1692203 0.8273212 -0.1096465 1

0.4892442 0.8311857 -0.2641418 0
0.8553553 -0.3981439 0.3314356 0
0.1703179 -0.388088 -0.905748 0
-0.2733135 0.835802 0.06733786 1

-0.1214776 0.745387 0.6554704 0
-0.8527843 -0.4163001 0.3153619 0
0.5079393 -0.5206656 0.6862254 0
0.1702659 0.7677159 -0.1778065 1

0.2263241 0.8594918 0.4583136 0
-0.8987516 0.002864494 0.4384489 0
0.3755306 -0.5111416 0.773118 0
0.1879988 0.7489949 -0.1542926 1

-0.1450439 0.8908593 -0.4305021 0
0.9768738 0.1980234 0.08065365 0
0.1571005 -0.4088481 -0.8989789 0
-0.3133627 0.7548112 0.07335773 1

-0.304626 0.8629702 -0.4030957 0
0.9520806 0.2880295 -0.1028724 0
0.02732742 -0.415117 -0.9093575 0
-0.3203698 0.7664477 0.1055033 1

0.6161135 0.4451423 0.6498099 0
0.09979321 -0.8624571 0.4961951 0
0.7813104 -0.2408657 -0.5757933 0
0.1595399 0.8058619 -0.1372453 1

-0.05029489 0.9923005 0.113185 0
-0.6350977 -0.1192399 0.7631727 0
0.7707933 -0.03349992 0.6362049 0
-0.2803321 0.8002524 0.06564591 1

0.7130119 0.6922545 0.1113451 0
-0.5921078 0.5094289 0.6244124 0
0.3755302 -0.5111417 0.773118 0
0.1790068 0.7148465 -0.1725017 1

-0.7802238 -0.5775431 0.2401999 0
-0.6249045 0.7029383 -0.3396662 0
0.02732606 -0.4151174 -0.9093574 0
-0.3082668 0.732161 0.1215187 1

0.500915 0.7923405 0.3482541 0
0.3723416 -0.560518 0.7397174 0
0.7813105 -0.2408662 -0.5757929 0
0.1354315 0.7884435 -0.1626721 1

-0.001933869 0.9984893 0.05491915 0
-0.6370832 -0.04356146 0.7695631 0
0.7707933 -0.03349988 0.6362048 0
-0.2783641 0.7614238 0.06121701 1

0.4933329 0.8288897 0.26375 0
-0.706131 0.2045689 0.6778868 0
0.5079386 -0.5206659 0.6862255 0
0.1750235 0.7385229 -0.2034778 1

-0.8942595 -0.4451611 0.04617993 0
-0.4190712 0.7966653 -0.435551 0
0.1571002 -0.4088483 -0.898979 0
-0.3076821 0.7199212 0.09021819 1

-0.06583484 -0.9978267 -0.002807224 0
0.08516839 -0.002816226 -0.9963627 0
0.9941894 -0.06583453 0.0851688 0
-0.01570449 0.8765162 0 1

-0.0697388 -0.991295 0.1116734 0
-0.01694884 -0.1107525 -0.9937036 0
0.9974217 -0.0711925 -0.009077433 0
-0.01579157 0.9663906 3.179613E-05 1

-0.05184321 0.9026446 0.4272533 0
-0.01035452 0.4273198 -0.9040414 0
-0.9986019 -0.05129233 -0.0128073 0
-0.07880982 0.8806951 -0.005405969 1

-0.004385649 0.9557343 0.2941998 0
-0.00891648 0.2941534 -0.9557167 0
-0.9999512 -0.006814583 0.007231577 0
0.04740082 0.8723373 0.005405893 1

0.1793567 0.9727035 -0.1472394 0
0.1871605 -0.1806705 -0.965572 0
-0.9658171 0.1456245 -0.2144562 0
-0.07123568 0.8397604 0.08150524 1

-0.2160618 0.9604293 -0.1757663 0
-0.1987358 -0.2195096 -0.9551545 0
-0.9559408 -0.1714413 0.2382989 0
0.04120652 0.843823 0.09728348 1

0.3246172 0.9230956 0.2062003 0
-0.9402503 0.2912569 0.17635 0
0.1027308 -0.251126 0.9624875 0
-0.145468 0.8807041 -0.009327362 1

0.05699024 0.9255317 0.3743575 0
-0.4311529 0.3610146 -0.8269075 0
-0.9004775 -0.1142796 0.4196199 0
-0.09268274 0.9231304 -0.08801799 1

-0.1085914 0.9748982 0.194377 0
0.4240488 0.2222786 -0.8779381 0
-0.8991062 -0.01291126 -0.4375417 0
0.0592895 0.9033312 -0.08243442 1

-0.03727423 -0.9965734 0.07383845 0
-0.03739647 -0.07244701 -0.9966708 0
0.9986053 -0.03991151 -0.0345678 0
-0.01091337 1.035709 -0.007721253 1

-0.3861091 0.919035 0.07934294 0
0.9178385 0.3741601 0.1325829 0
0.09216125 0.1240152 -0.9879914 0
0.1231526 0.8737155 0.003265498 1

-0.04904366 0.9892392 -0.137844 0
0.01973971 -0.1370231 -0.9903712 0
-0.9986018 -0.05129234 -0.01280731 0
-0.05835689 0.5245879 -0.173964 1

-0.009935512 0.6974372 -0.7165775 0
-0.0001603682 -0.7166142 -0.6974703 0
-0.9999513 -0.006814725 0.007231614 0
0.04913101 0.4952855 -0.1106604 1

-0.0970154 0.9952501 0.008145262 0
0.4475688 0.0509349 -0.8927981 0
-0.8889722 -0.08296958 -0.450384 0
0.07253858 0.7843854 -0.1061501 1

-0.01093248 -0.9961811 -0.0866244 0
-0.05631239 0.08710547 -0.9946062 0
0.9983534 -0.005995574 -0.05704947 0
-0.008301027 1.105381 -0.01276811 1

0.1609774 0.9813572 -0.1049998 0
0.1947358 -0.135878 -0.9713988 0
-0.9675561 0.1359261 -0.2129786 0
-0.09270003 0.7233531 0.09912594 1

0.001507878 0.9477469 0.31902 0
-0.4325778 0.2882458 -0.8542782 0
-0.9015957 -0.1367127 0.4104086 0
-0.09963604 0.8102077 -0.1336928 1

0.2258505 0.9520163 0.2065345 0
-0.9681246 0.1957803 0.1562226 0
0.1082912 -0.235234 0.9658871 0
-0.1963196 0.7361005 -0.04162883 1

-0.3151628 0.9476081 -0.05208044 0
0.9378258 0.3193806 0.1359419 0
0.145453 -0.005998657 -0.9893473 0
0.183637 0.7297481 -0.009163609 1

-0.2020524 0.9358991 -0.2885627 0
-0.1776593 -0.3247771 -0.9289551 0
-0.963127 -0.1364316 0.2318928 0
0.06706347 0.7288847 0.1183181 1

-0.004144864 0.9997168 -0.02344159 0
-0.1399276 -0.02379104 -0.9898759 0
-0.9901532 -0.0008226933 0.1399864 0
-0.03832766 0.1205871 -0.1176691 1

0.07263751 0.7489789 -0.6586009 0
0.1472882 -0.6611607 -0.7356447 0
-0.9864236 -0.04356871 -0.1583408 0
0.05318863 0.2104553 0.1819866 1

0.04680702 -0.968928 0.2428735 0
-0.04466275 -0.2449269 -0.9685122 0
0.9979051 0.03448569 -0.05473914 0
-0.0066958 1.251472 -2.038671E-05 1

0.1399204 0.01157755 0.9900951 0
-0.002490988 0.9999327 -0.01134053 0
-0.9901599 -0.0008794594 0.1399397 0
-0.05211763 -0.0004680157 -0.2159196 1

-0.1283766 0.8058662 0.5780139 0
0.1024182 0.5904936 -0.8005177 0
-0.9864236 -0.04356859 -0.1583409 0
0.05960254 0.05409974 0.1850521 1

-0.9598393 0.2052389 -0.1912744 0
-0.2118237 -0.08312295 0.9737667 0
0.1839553 0.9751756 0.1232591 0
0.01879639 1.225843 0.002589923 1

0.9341998 0.1938454 -0.2994907 0
0.3203391 -0.08631787 0.9433621 0
0.1570152 -0.9772271 -0.1427344 0
-0.0320287 1.226149 0.005494161 1

0.005358354 -0.9769745 0.2132884 0
0.004291709 -0.2132671 -0.9769844 0
0.9999765 0.006150328 0.003050246 0
-0.009439142 1.308261 -0.01425518 1

-0.2250547 0.9738864 -0.02993028 0
0.01765027 0.03478817 0.999239 0
0.9741865 0.2243549 -0.0250185 0
0.08880401 1.210874 0.01654087 1

0.3591644 0.8991907 -0.2499142 0
0.4032426 0.09197855 0.9104586 0
0.8416629 -0.4277805 -0.3295564 0
-0.1001663 1.21201 0.02733805 1

0.4799918 0.4253642 -0.7672504 0
0.1100772 -0.8968762 -0.4283642 0
-0.8703398 0.1211547 -0.4773161 0
-0.07609423 1.383685 0.04788719 1

-0.5260887 0.4113326 -0.7443363 0
-0.09611069 -0.898397 -0.4285391 0
-0.8449819 -0.1539108 0.5121697 0
0.05590267 1.384497 0.04829001 1

-0.1894419 0.8727567 0.4498979 0
0.122772 -0.4335447 0.8927299 0
0.9741864 0.2243549 -0.0250185 0
0.1319008 1.02438 0.02227234 1

0.4716503 0.8795417 0.06287067 0
0.2629638 -0.2083514 0.9420401 0
0.8416628 -0.4277807 -0.3295564 0
-0.1689443 1.03982 0.07519524 1

0.4489195 0.5970557 -0.6648272 0
0.2045442 -0.7929175 -0.5739713 0
-0.8698469 0.1216807 -0.4780804 0
-0.1598772 1.309438 0.1818114 1

-0.4920376 0.5729616 -0.6554499 0
-0.1913912 -0.8056666 -0.5605987 0
-0.8492756 -0.1503882 0.5060778 0
0.1477319 1.312699 0.1782146 1

-0.1438677 0.7907751 0.5949597 0
-0.8736249 -0.3839001 0.298999 0
0.464846 -0.4767553 0.7460718 0
0.1754393 0.8237988 -0.0811255 1

0.4952092 0.8295676 -0.2580413 0
0.8502294 -0.401727 0.3401849 0
0.1785441 -0.387857 -0.9042614 0
-0.2773413 0.8376793 0.06074594 1

-0.1361133 0.7458859 0.6520179 0
-0.8693684 -0.4055162 0.28241 0
0.4750497 -0.5284039 0.7036462 0
0.1792798 0.762953 -0.1480785 1

0.2182308 0.8542939 0.4717599 0
-0.9182618 0.01608654 0.3956472 0
0.3304103 -0.5195416 0.7879763 0
0.1957671 0.7445623 -0.1234252 1

-0.1370254 0.8918234 -0.4311321 0
0.9766993 0.194214 0.09132311 0
0.165176 -0.408573 -0.8976552 0
-0.3177609 0.7568362 0.06625426 1

-0.2969965 0.8645173 -0.4054666 0
0.9542187 0.2844912 -0.09236703 0
0.03549856 -0.4143364 -0.909431 0
-0.325068 0.7684682 0.09833457 1

0.5879472 0.4533607 0.6699122 0
0.07070544 -0.853811 0.5157596 0
0.8058037 -0.2558731 -0.5340506 0
0.1669197 0.8018954 -0.108758 1

0.05245398 0.9966998 0.0619565 0
-0.5152377 -0.02613489 0.8566484 0
0.855441 -0.07685708 0.5121664 0
-0.2844768 0.8021585 0.05894296 1

0.7179886 0.6802565 0.1474554 0
-0.6126351 0.5170373 0.5977883 0
0.3304097 -0.5195415 0.7879764 0
0.1870966 0.7106205 -0.1421686 1

-0.7849472 -0.5747938 0.2312377 0
-0.6185458 0.7056468 -0.3456361 0
0.03549716 -0.4143368 -0.9094307 0
-0.3132681 0.7341201 0.1144442 1

0.4893133 0.7956498 0.3570911 0
0.3335469 -0.5490631 0.76634 0
0.8058037 -0.2558737 -0.53405 0
0.1439134 0.7841552 -0.1349715 1

0.03460843 0.9952001 0.09153778 0
-0.5167431 -0.06057977 0.8539944 0
0.855441 -0.07685701 0.5121663 0
-0.2865292 0.7631577 0.0565186 1

0.493955 0.8218942 0.283722 0
-0.7282429 0.2127878 0.6514479 0
0.4750487 -0.5284044 0.7036463 0
0.1846106 0.7337407 -0.1736145 1

-0.8963903 -0.4417906 0.03614062 0
-0.4113421 0.7986798 -0.4392138 0
0.1651757 -0.4085732 -0.8976552 0
-0.3123943 0.7219085 0.08313939 1

-0.07618491 -0.9970913 -0.002206067 0
0.05791129 -0.002216077 -0.9983194 0
0.9954107 -0.07618472 0.05791181 0
-0.01819948 0.8783912 0 1

-0.08646128 -0.991185 0.1003826 0
-0.005093393 -0.1003188 -0.9949424 0
0.9962425 -0.08653538 0.003625333 0
-0.01830884 0.9682653 2.528644E-05 1

-0.05590861 0.9212165 0.3850127 0
-0.008243511 0.3851767 -0.9228061 0
-0.9984022 -0.05476655 -0.01394078 0
-0.08138233 0.883227 -0.003675855 1

-0.009560315 0.9287091 0.3706868 0
-0.01002271 0.3705961 -0.9287401 0
-0.9999046 -0.01259422 0.005765007 0
0.04498337 0.8735554 0.003675778 1

0.1657849 0.9755855 -0.144044 0
0.1985017 -0.1760882 -0.9641525 0
-0.9659778 0.1312489 -0.2228482 0
-0.07401161 0.8463629 0.08505571 1

-0.2283763 0.9641188 -0.1353517 0
-0.188106 -0.1801026 -0.9654944 0
-0.9552286 -0.1950354 0.2224874 0
0.03889674 0.8376563 0.09293459 1

0.3235494 0.9239759 0.2039229 0
-0.9422503 0.294924 0.1586969 0
0.08649065 -0.2434926 0.9660386 0
-0.1480256 0.8828591 -0.007827849 1

0.06061966 0.9276502 0.3684982 0
-0.4301205 0.3574195 -0.8290043 0
-0.9007343 -0.1082445 0.4206677 0
-0.09507163 0.9217696 -0.08820415 1

-0.1151095 0.9549447 0.2735532 0
0.4203182 0.2963396 -0.8576224 0
-0.9000466 0.01625893 -0.4354919 0
0.05674932 0.9116283 -0.08135302 1

-0.04630156 -0.9962739 0.07276385 0
-0.01723479 -0.07203438 -0.9972532 0
0.9987791 -0.04742856 -0.01383512 0
-0.01226245 1.037576 -0.006938226 1

-0.3895773 0.9109666 0.1355369 0
0.9156497 0.3672674 0.1634065 0
0.09907938 0.1877636 -0.9772045 0
0.1207279 0.8754977 0.001721588 1

-0.05095756 0.9790906 -0.1969395 0
0.02443486 -0.1959145 -0.9803165 0
-0.9984022 -0.05476661 -0.01394077 0
-0.05932554 0.5197928 -0.1555693 1

-0.01317031 0.7355738 -0.677317 0
0.004289763 -0.6773281 -0.7356691 0
-0.9999047 -0.01259441 0.005765037 0
0.04875503 0.5071656 -0.1425658 1

-0.09616483 0.9931152 0.06689958 0
0.4478772 0.1031952 -0.88812 0
-0.8889092 -0.05544304 -0.4547172 0
0.07079366 0.795117 -0.1147289 1

-0.008830466 -0.9970071 -0.07680329 0
-0.02656142 0.07701307 -0.9966761 0
0.9996083 -0.006761227 -0.02716183 0
-0.009022305 1.107229 -0.0119097 1

0.151871 0.9861003 -0.06739461 0
0.2112492 -0.09899373 -0.9724064 0
-0.965562 0.1334433 -0.2233472 0
-0.09385178 0.7296107 0.102294 1

0.01078436 0.9412495 0.3375401 0
-0.4313444 0.3089171 -0.8476513 0
-0.9021235 -0.1364545 0.4093339 0
-0.1024678 0.8085884 -0.133164 1

0.2276698 0.947593 0.2241297 0
-0.9700451 0.2006872 0.136886 0
0.08473249 -0.2485805 0.9648979 0
-0.1987098 0.7381176 -0.03977255 1

-0.3133873 0.94946 0.01773841 0
0.9378726 0.3065246 0.1626 0
0.1489448 0.06759303 -0.986533 0
0.1817555 0.7327943 -0.01951035 1

-0.2155787 0.9514449 -0.2197249 0
-0.1713801 -0.2583884 -0.950718 0
-0.9613304 -0.167298 0.2187615 0
0.06622741 0.7222764 0.1091327 1

-0.003341517 0.9997995 -0.01974889 0
-0.1388219 -0.02002158 -0.9901149 0
-0.9903122 -0.0005667999 0.1388608 0
-0.03851467 0.1199365 -0.07514007 1

0.03711961 0.735176 -0.6768596 0
0.1910908 -0.6700495 -0.7172992 0
-0.9808711 -0.1027156 -0.1653574 0
0.05413375 0.2067605 0.1340475 1

0.03906297 -0.966421 0.2539771 0
-0.01585868 -0.2547387 -0.9668798 0
0.9991111 0.03374135 -0.02527687 0
-0.007726663 1.253441 -0.0006022091 1

0.138791 0.003475845 0.9903154 0
-0.001125065 0.9999936 -0.003352151 0
-0.9903216 -0.0006488161 0.1387938 0
-0.05228712 -0.0007436872 -0.1738531 1

-0.1851128 0.7549711 0.6290886 0
0.06022276 0.6476642 -0.7595426 0
-0.9808711 -0.1027155 -0.1653574 0
0.06923292 0.0511356 0.1411521 1

-0.9536026 0.2034656 -0.2219101 0
-0.2408314 -0.07319255 0.9678034 0
0.1806725 0.9763424 0.1187976 0
0.0176637 1.227836 0.00302762 1

0.9428173 0.190618 -0.273424 0
0.2919994 -0.07679486 0.9533306 0
0.1607243 -0.9786559 -0.1280637 0
-0.03322526 1.22818 0.004410318 1

0.0002964185 -0.9753976 0.2204522 0
0.005630852 -0.2204471 -0.9753825 0
0.9999843 0.001530343 0.005427104 0
-0.01001614 1.310083 -0.01548781 1

-0.223307 0.969147 -0.104346 0
-0.04594492 0.09646504 0.9942756 0
0.9736649 0.2268226 0.02298608 0
0.0872164 1.212996 0.01921302 1

0.3645823 0.8985317 -0.2443783 0
0.3936478 0.08911472 0.9149318 0
0.8438729 -0.4297666 -0.3212151 0
-0.1019913 1.214277 0.02435298 1

0.4735899 0.4292511 -0.7690615 0
0.1128831 -0.8955754 -0.4303509 0
-0.8734818 0.1169958 -0.4725906 0
-0.07646723 1.38627 0.04593872 1

-0.5283325 0.4172169 -0.7394562 0
-0.1048134 -0.8963225 -0.4308363 0
-0.8425438 -0.1501198 0.5172859 0
0.05553068 1.386472 0.04665529 1

-0.2173474 0.8930681 0.3939407 0
0.06882662 -0.388562 0.9188488 0
0.9736648 0.2268227 0.02298608 0
0.1299785 1.027409 0.03919469 1

0.4742755 0.8774243 0.07203901 0
0.2508821 -0.2131363 0.9442624 0
0.8438728 -0.4297668 -0.3212152 0
-0.1718069 1.042213 0.07115005 1

0.4488535 0.5893845 -0.6716814 0
0.2008362 -0.7989594 -0.5668582 0
-0.8707445 0.1195384 -0.4769856 0
-0.1591327 1.311344 0.1801791 1

-0.4876052 0.5685758 -0.6625432 0
-0.1922516 -0.8101685 -0.5537745 0
-0.8516347 -0.1426481 0.5043515 0
0.1477515 1.313647 0.175728 1

-0.1687409 0.8058861 0.5675159 0
-0.8897417 -0.372293 0.2641162 0
0.4241299 -0.4603752 0.7798521 0
0.1799304 0.8221598 -0.05134283 1

0.5009266 0.8274811 -0.2536685 0
0.8453159 -0.4048512 0.3486215 0
0.1857795 -0.3890636 -0.9022835 0
-0.2808073 0.8405586 0.05459367 1

-0.1552635 0.7518528 0.640789 0
-0.8847894 -0.3943317 0.2482941 0
0.4393644 -0.5284122 0.7264572 0
0.1867525 0.7596626 -0.1165135 1

0.205625 0.853559 0.4787016 0
-0.9367819 0.0301619 0.3486118 0
0.2831224 -0.5201221 0.805801 0
0.2018773 0.7418086 -0.09062321 1

-0.129352 0.8921073 -0.4329118 0
0.9765207 0.1904494 0.1006824 0
0.1722671 -0.4097236 -0.8957964 0
-0.3215942 0.7598772 0.05975275 1

-0.2896692 0.865441 -0.4087833 0
0.9561749 0.280709 -0.08326468 0
0.04268818 -0.4149873 -0.9088255 0
-0.3291663 0.7715558 0.09175456 1

0.5563966 0.4669886 0.6872731 0
0.03976633 -0.8411438 0.5393476 0
0.8299648 -0.2727608 -0.4865801 0
